timestamp,open,high,low,close,volume,tradeCount,vwap
2016-01-04T05:00:00Z,9.87,9.9,9.66,9.8,483115,2147,9.81213
2016-01-05T05:00:00Z,9.83,9.89,9.81,9.86,51745,211,9.83793
2016-01-06T05:00:00Z,9.74,9.78,9.58,9.65,25534,121,9.70596
2016-01-07T05:00:00Z,9.44,9.5299,9.4,9.41,46423,115,9.44747
2016-01-08T05:00:00Z,9.37,9.45,9.26,9.28,58940,177,9.34349
2016-01-11T05:00:00Z,9.41,9.56,9.18,9.23,71549,233,9.30101
2016-01-12T05:00:00Z,9.27,9.27,9.06,9.19,61035,212,9.18017
2016-01-13T05:00:00Z,9.2,9.23,9.0402,9.09,141152,551,9.11427
2016-01-14T05:00:00Z,9.12,9.3,9.021,9.24,61486,239,9.15301
2016-01-15T05:00:00Z,8.87,8.9276,8.78,8.82,48413,211,8.82467
2016-01-19T05:00:00Z,8.9,8.972,8.79,8.83,33919,107,8.90008
2016-01-20T05:00:00Z,8.67,8.75,8.43,8.65,166897,579,8.57537
2016-01-21T05:00:00Z,8.63,8.92,8.55,8.75,106869,312,8.7762
2016-01-22T05:00:00Z,8.95,9.06,8.91,9.04,35177,157,9.00367
2016-01-25T05:00:00Z,9.04,9.04,8.9315,8.96,85484,185,9.002
2016-01-26T05:00:00Z,8.99,9.127,8.99,9.12,45455,202,9.07684
2016-01-27T05:00:00Z,9.09,9.184,9,9.08,84968,295,9.10469
2016-01-28T05:00:00Z,9.2,9.32,9.14,9.25,32097,150,9.19348
2016-01-29T05:00:00Z,9.35,9.4899,9.33,9.47,45868,106,9.39129
2016-02-01T05:00:00Z,9.35,9.48,9.2842,9.44,42766,139,9.37006
2016-02-02T05:00:00Z,9.3384,9.34,9.26,9.2801,91519,261,9.30159
2016-02-03T05:00:00Z,9.33,9.46,9.27,9.46,65086,228,9.38921
2016-02-04T05:00:00Z,9.49,9.64,9.4341,9.55,51088,210,9.51877
2016-02-05T05:00:00Z,9.52,9.553,9.375,9.44,47787,169,9.42139
2016-02-08T05:00:00Z,9.37,9.37,9.21,9.28,37899,146,9.27631
2016-02-09T05:00:00Z,9.09,9.2499,8.99,9.01,40770,125,9.08157
2016-02-10T05:00:00Z,9.03,9.23,9.03,9.15,35123,151,9.14191
2016-02-11T05:00:00Z,8.95,9.09,8.91,9.09,25873,133,8.99257
2016-02-12T05:00:00Z,9.13,9.2,8.91,9.19,60135,130,9.12229
2016-02-16T05:00:00Z,9.46,9.46,9.3,9.36,41577,145,9.35916
2016-02-17T05:00:00Z,9.49,9.6099,9.485,9.56,25426,97,9.54496
2016-02-18T05:00:00Z,9.53,9.67,9.47,9.48,31473,124,9.5388
2016-02-19T05:00:00Z,9.4801,9.5,9.44,9.475,7366,39,9.48225
2016-02-22T05:00:00Z,9.46,9.657,9.46,9.6401,138107,552,9.57882
2016-02-23T05:00:00Z,9.67,9.67,9.53,9.58,11784,70,9.55174
2016-02-24T05:00:00Z,9.44,9.5,9.36,9.5,39171,205,9.43384
2016-02-25T05:00:00Z,9.43,9.5652,9.43,9.56,29460,88,9.49388
2016-02-26T05:00:00Z,9.53,9.53,9.46,9.49,14287,72,9.49955
2016-02-29T05:00:00Z,9.53,9.6396,9.5221,9.56,18118,93,9.57697
2016-03-01T05:00:00Z,9.74,9.85,9.6,9.83,23773,141,9.73965
2016-03-02T05:00:00Z,9.85,10,9.85,9.94,27894,113,9.9105
2016-03-03T05:00:00Z,9.92,10.013,9.92,10.01,14794,76,9.98587
2016-03-04T05:00:00Z,10.12,10.31,10.12,10.31,38923,185,10.2128
2016-03-07T05:00:00Z,10.37,10.38,10.294,10.36,37390,104,10.3286
2016-03-08T05:00:00Z,10.34,10.37,10.2,10.29,56118,286,10.2913
2016-03-09T05:00:00Z,10.26,10.39,10.26,10.37,14360,42,10.3671
2016-03-10T05:00:00Z,10.4458,10.4458,10.26,10.36,16928,69,10.3219
2016-03-11T05:00:00Z,10.49,10.61,10.475,10.59,138479,651,10.571
2016-03-14T04:00:00Z,10.61,10.61,10.46,10.53,16616,104,10.5032
2016-03-15T04:00:00Z,10.4,10.413,10.33,10.3466,8126,62,10.3573
2016-03-16T04:00:00Z,10.3492,10.5,10.21,10.4301,129134,292,10.3873
2016-03-17T04:00:00Z,10.51,10.68,10.4,10.64,51994,254,10.6151
2016-03-18T04:00:00Z,10.69,10.89,10.6876,10.77,55837,275,10.7871
2016-03-21T04:00:00Z,10.7,10.83,10.65,10.8,9289,70,10.7749
2016-03-22T04:00:00Z,10.78,10.8354,10.74,10.76,24369,97,10.8042
2016-03-23T04:00:00Z,10.76,10.76,10.61,10.65,10282,72,10.6833
2016-03-24T04:00:00Z,10.54,10.64,10.5001,10.63,10417,56,10.5752
2016-03-28T04:00:00Z,10.575,10.6399,10.54,10.57,44010,173,10.5817
2016-03-29T04:00:00Z,10.53,10.7,10.5,10.64,53148,303,10.5884
2016-03-30T04:00:00Z,10.77,10.8826,10.76,10.76,33745,117,10.8129
2016-03-31T04:00:00Z,10.8,10.918,10.8,10.82,32138,98,10.8725
2016-04-01T04:00:00Z,10.66,10.79,10.62,10.77,22272,107,10.7066
2016-04-04T04:00:00Z,10.81,10.81,10.65,10.68,24719,96,10.7041
2016-04-05T04:00:00Z,10.52,10.55,10.45,10.49,34574,104,10.5113
2016-04-06T04:00:00Z,10.44,10.61,10.43,10.6,66748,140,10.5399
2016-04-07T04:00:00Z,10.46,10.51,10.4,10.44,43128,201,10.4368
2016-04-08T04:00:00Z,10.6,10.76,10.56,10.59,25168,114,10.6209
2016-04-11T04:00:00Z,10.69,10.85,10.69,10.75,49747,173,10.7655
2016-04-12T04:00:00Z,10.78,10.97,10.78,10.97,39715,181,10.9078
2016-04-13T04:00:00Z,11.05,11.18,11.04,11.13,28905,105,11.135
2016-04-14T04:00:00Z,11.15,11.15,11.08,11.09,58147,277,11.0998
2016-04-15T04:00:00Z,11.07,11.124,10.98,10.99,67962,254,11.0261
2016-04-18T04:00:00Z,11,11.1099,10.99,11.07,31408,158,11.034
2016-04-19T04:00:00Z,11.09,11.28,11.09,11.22,27787,130,11.2087
2016-04-20T04:00:00Z,11.14,11.25,11.11,11.19,58046,218,11.1743
2016-04-21T04:00:00Z,11.28,11.28,11.01,11.1,82872,254,11.1065
2016-04-22T04:00:00Z,11.04,11.12,11.03,11.1,33120,155,11.0689
2016-04-25T04:00:00Z,11.01,11.03,10.93,10.99,22387,82,10.9756
2016-04-26T04:00:00Z,11.09,11.13,11.05,11.13,18430,87,11.0886
2016-04-27T04:00:00Z,11.03,11.22,11,11.2099,42467,171,11.1141
2016-04-28T04:00:00Z,11.05,11.1592,11.05,11.09,33820,132,11.1085
2016-04-29T04:00:00Z,11.09,11.13,11,11.063,23390,111,11.0583
2016-05-02T04:00:00Z,10.97,11.11,10.97,11.03,28250,165,11.0501
2016-05-03T04:00:00Z,10.93,10.93,10.75,10.78,23042,115,10.8055
2016-05-04T04:00:00Z,10.68,10.81,10.65,10.71,33803,126,10.6928
2016-05-05T04:00:00Z,10.83,10.83,10.66,10.74,41475,111,10.7355
2016-05-06T04:00:00Z,10.69,10.75,10.57,10.73,31047,62,10.7057
2016-05-09T04:00:00Z,10.75,10.75,10.59,10.61,46187,147,10.6217
2016-05-10T04:00:00Z,10.63,10.74,10.47,10.7,105292,451,10.6702
2016-05-11T04:00:00Z,10.67,10.7901,10.67,10.75,67107,219,10.7544
2016-05-12T04:00:00Z,10.81,10.8366,10.72,10.72,37562,130,10.7448
2016-05-13T04:00:00Z,10.64,10.6527,10.52,10.52,51706,184,10.5897
2016-05-16T04:00:00Z,10.55,10.69,10.55,10.63,44700,172,10.6507
2016-05-17T04:00:00Z,10.52,10.67,10.52,10.62,65363,152,10.608
2016-05-18T04:00:00Z,10.51,10.67,10.51,10.58,51077,179,10.6016
2016-05-19T04:00:00Z,10.52,10.52,10.422,10.5,59525,207,10.4695
2016-05-20T04:00:00Z,10.57,10.61,10.49,10.51,82805,395,10.5572
2016-05-23T04:00:00Z,10.51,10.61,10.51,10.6,54839,253,10.5687
2016-05-24T04:00:00Z,10.67,10.68,10.6,10.66,18054,59,10.6531
2016-05-25T04:00:00Z,10.66,10.8,10.66,10.7501,20969,97,10.7485
2016-05-26T04:00:00Z,10.79,10.88,10.79,10.86,41387,139,10.8339
2016-05-27T04:00:00Z,10.88,10.933,10.8,10.84,20842,132,10.8543
2016-05-31T04:00:00Z,10.91,11,10.83,11,30752,156,10.9162
2016-06-01T04:00:00Z,10.83,10.93,10.8005,10.89,20865,106,10.8598
2016-06-02T04:00:00Z,10.94,11,10.87,10.99,22768,125,10.9614
2016-06-03T04:00:00Z,10.95,11.13,10.95,11.12,44046,117,11.09
2016-06-06T04:00:00Z,11.05,11.31,11.04,11.26,43134,187,11.1783
2016-06-07T04:00:00Z,11.24,11.39,11.24,11.37,16919,68,11.3413
2016-06-08T04:00:00Z,11.33,11.56,11.33,11.53,107059,865,11.5086
2016-06-09T04:00:00Z,11.44,11.45,11.35,11.38,18877,117,11.3755
2016-06-10T04:00:00Z,11.2,11.28,11.11,11.17,18714,93,11.1625
2016-06-13T04:00:00Z,11.11,11.1299,10.89,10.89,41718,206,10.9707
2016-06-14T04:00:00Z,10.99,10.99,10.77,10.87,41831,174,10.8705
2016-06-15T04:00:00Z,10.94,11.07,10.9101,10.96,27848,133,11.0047
2016-06-16T04:00:00Z,10.82,10.97,10.781,10.94,21348,122,10.877
2016-06-17T04:00:00Z,10.99,11.02,10.92,11.02,20253,109,10.9534
2016-06-20T04:00:00Z,11.15,11.2374,11.15,11.18,11256,57,11.2083
2016-06-21T04:00:00Z,11.23,11.27,11.15,11.23,20302,111,11.2165
2016-06-22T04:00:00Z,11.3,11.33,11.27,11.31,16562,128,11.3035
2016-06-23T04:00:00Z,11.45,11.51,11.39,11.5,32913,164,11.4534
2016-06-24T04:00:00Z,11.12,11.1799,10.87,10.92,56694,253,10.9826
2016-06-27T04:00:00Z,10.94,10.94,10.66,10.76,45509,289,10.7679
2016-06-28T04:00:00Z,11.02,11.11,10.97,11.05,35351,203,11.0253
2016-06-29T04:00:00Z,11.18,11.33,11.18,11.29,38252,199,11.2923
2016-06-30T04:00:00Z,11.39,11.45,11.17,11.39,38469,192,11.3764
2016-07-01T04:00:00Z,11.59,11.68,11.38,11.52,115045,511,11.5317
2016-07-05T04:00:00Z,11.31,11.44,11.24,11.3,32182,184,11.2888
2016-07-06T04:00:00Z,11.25,11.35,11.16,11.33,80736,432,11.2782
2016-07-07T04:00:00Z,11.34,11.43,11.33,11.38,18831,85,11.3783
2016-07-08T04:00:00Z,11.55,11.61,11.5,11.58,72701,291,11.5722
2016-07-11T04:00:00Z,11.63,11.715,11.6,11.66,43291,139,11.6824
2016-07-12T04:00:00Z,11.84,11.8799,11.77,11.87,62408,214,11.8361
2016-07-13T04:00:00Z,11.85,11.86,11.8,11.83,42129,152,11.8309
2016-07-14T04:00:00Z,11.94,12,11.94,12,52609,250,11.9826
2016-07-15T04:00:00Z,12.03,12.03,11.89,11.93,39903,89,11.9215
2016-07-18T04:00:00Z,11.9,12.0099,11.9,12.0099,12739,64,11.9743
2016-07-19T04:00:00Z,11.99,11.99,11.8301,11.89,26989,129,11.9075
2016-07-20T04:00:00Z,11.91,12,11.91,11.96,17514,69,11.9652
2016-07-21T04:00:00Z,11.96,11.99,11.91,11.91,17109,60,11.9531
2016-07-22T04:00:00Z,11.91,12.06,11.91,12.06,20084,72,11.9838
2016-07-25T04:00:00Z,12.01,12.01,11.86,11.94,18926,114,11.9104
2016-07-26T04:00:00Z,11.95,12.21,11.92,12.12,156022,1048,12.0582
2016-07-27T04:00:00Z,12.17,12.24,12.1115,12.14,111548,330,12.1552
2016-07-28T04:00:00Z,12.22,12.22,12.15,12.21,48416,128,12.2003
2016-07-29T04:00:00Z,12.21,12.25,12.19,12.24,18101,45,12.2268
2016-08-01T04:00:00Z,12.2292,12.36,12.225,12.36,88208,260,12.3167
2016-08-02T04:00:00Z,12.43,12.43,12.09,12.23,135157,483,12.2919
2016-08-03T04:00:00Z,12.19,12.29,12.19,12.29,30435,70,12.2392
2016-08-04T04:00:00Z,12.28,12.38,12.15,12.36,57558,136,12.3213
2016-08-05T04:00:00Z,12.4,12.45,12.25,12.42,44715,92,12.4286
2016-08-08T04:00:00Z,12.56,12.66,12.53,12.54,144730,324,12.5709
2016-08-09T04:00:00Z,12.66,12.7,12.61,12.64,131605,120,12.6381
2016-08-10T04:00:00Z,12.68,12.69,12.6,12.67,58427,298,12.6417
2016-08-11T04:00:00Z,12.76,12.8053,12.65,12.79,54937,177,12.7564
2016-08-12T04:00:00Z,12.67,12.7699,12.67,12.7699,42588,123,12.7154
2016-08-15T04:00:00Z,12.87,12.89,12.795,12.87,79195,238,12.8519
2016-08-16T04:00:00Z,12.83,12.9,12.7501,12.86,47275,203,12.8294
2016-08-17T04:00:00Z,12.82,12.82,12.59,12.71,129028,473,12.6811
2016-08-18T04:00:00Z,12.83,12.8558,12.8,12.82,25465,121,12.8232
2016-08-19T04:00:00Z,12.77,12.816,12.6995,12.8027,63397,154,12.7779
2016-08-22T04:00:00Z,12.73,12.73,12.61,12.7,36308,124,12.6708
2016-08-23T04:00:00Z,12.77,12.7999,12.65,12.66,27189,75,12.7409
2016-08-24T04:00:00Z,12.6,12.65,12.5799,12.59,27153,58,12.6121
2016-08-25T04:00:00Z,12.63,12.66,12.57,12.66,25808,89,12.6184
2016-08-26T04:00:00Z,12.66,12.78,12.52,12.63,111225,331,12.6448
2016-08-29T04:00:00Z,12.69,12.75,12.53,12.72,41840,135,12.6545
2016-08-30T04:00:00Z,12.79,12.79,12.58,12.61,38263,174,12.6297
2016-08-31T04:00:00Z,12.59,12.5965,12.47,12.56,47932,202,12.5368
2016-09-01T04:00:00Z,12.55,12.575,12.41,12.57,48841,237,12.5036
2016-09-02T04:00:00Z,12.68,12.78,12.68,12.74,22452,73,12.72
2016-09-06T04:00:00Z,12.77,13,12.75,12.99,32917,124,12.938
2016-09-07T04:00:00Z,13.06,13.08,12.97,13,51397,134,13.043
2016-09-08T04:00:00Z,13.05,13.06,12.92,12.97,31614,135,12.9981
2016-09-09T04:00:00Z,12.9,12.9,12.5801,12.62,60422,191,12.689
2016-09-12T04:00:00Z,12.4,12.6313,12.08,12.62,112598,394,12.4547
2016-09-13T04:00:00Z,12.5,12.51,12.18,12.26,102995,545,12.3409
2016-09-14T04:00:00Z,12.28,12.42,12.25,12.28,80070,451,12.3279
2016-09-15T04:00:00Z,12.34,12.4783,12.31,12.47,130250,583,12.3989
2016-09-16T04:00:00Z,12.49,12.49,12.2501,12.37,10860,72,12.3267
2016-09-19T04:00:00Z,12.55,12.55,12.3944,12.42,36840,156,12.4543
2016-09-20T04:00:00Z,12.49,12.51,12.4,12.42,56011,185,12.4683
2016-09-21T04:00:00Z,12.45,12.71,12.45,12.68,163326,618,12.6098
2016-09-22T04:00:00Z,12.82,12.83,12.7401,12.8,48611,139,12.7949
2016-09-23T04:00:00Z,12.72,12.73,12.62,12.67,26144,84,12.6878
2016-09-26T04:00:00Z,12.56,12.59,12.46,12.46,29120,124,12.5345
2016-09-27T04:00:00Z,12.51,12.63,12.5,12.63,24316,109,12.5553
2016-09-28T04:00:00Z,12.68,12.76,12.564,12.72,16678,62,12.6693
2016-09-29T04:00:00Z,12.68,12.68,12.53,12.53,32408,87,12.6381
2016-09-30T04:00:00Z,12.63,12.66,12.59,12.63,63761,202,12.6221
2016-10-03T04:00:00Z,12.56,12.65,12.56,12.62,51322,133,12.6108
2016-10-04T04:00:00Z,12.66,12.7,12.5,12.51,43026,154,12.6072
2016-10-05T04:00:00Z,12.63,12.72,12.63,12.7,36224,181,12.6626
2016-10-06T04:00:00Z,12.63,12.739,12.62,12.66,59215,221,12.6757
2016-10-07T04:00:00Z,12.63,12.7,12.5701,12.66,44469,128,12.6427
2016-10-10T04:00:00Z,12.73,12.79,12.73,12.78,11248,50,12.7627
2016-10-11T04:00:00Z,12.64,12.64,12.45,12.47,68949,319,12.5162
2016-10-12T04:00:00Z,12.42,12.4789,12.406,12.43,85015,361,12.4369
2016-10-13T04:00:00Z,12.31,12.36,12.21,12.36,103376,225,12.2948
2016-10-14T04:00:00Z,12.4,12.4881,12.35,12.44,37919,149,12.4182
2016-10-17T04:00:00Z,12.42,12.4499,12.3686,12.39,17910,88,12.4125
2016-10-18T04:00:00Z,12.57,12.6299,12.53,12.6,70543,359,12.589
2016-10-19T04:00:00Z,12.69,12.76,12.65,12.76,27904,156,12.7172
2016-10-20T04:00:00Z,12.75,12.75,12.67,12.74,28273,95,12.7169
2016-10-21T04:00:00Z,12.73,12.77,12.6232,12.77,12211,56,12.6938
2016-10-24T04:00:00Z,12.85,12.85,12.75,12.7789,11146,55,12.7758
2016-10-25T04:00:00Z,12.78,12.8287,12.74,12.82,21859,74,12.8011
2016-10-26T04:00:00Z,12.74,12.74,12.68,12.7114,20320,96,12.7101
2016-10-27T04:00:00Z,12.68,12.75,12.59,12.6,26469,123,12.6373
2016-10-28T04:00:00Z,12.62,12.63,12.4813,12.51,28625,88,12.582
2016-10-31T04:00:00Z,12.56,12.63,12.55,12.63,13488,58,12.6045
2016-11-01T04:00:00Z,12.64,12.64,12.46,12.57,58406,225,12.5636
2016-11-02T04:00:00Z,12.555,12.555,12.29,12.3,38131,178,12.401
2016-11-03T04:00:00Z,12.3,12.37,12.28,12.3,22624,119,12.3098
2016-11-04T04:00:00Z,12.27,12.27,12.2,12.23,57969,229,12.235
2016-11-07T05:00:00Z,12.49,12.59,12.4,12.59,72911,205,12.517
2016-11-08T05:00:00Z,12.57,12.77,12.43,12.69,38888,156,12.6611
2016-11-09T05:00:00Z,12.33,12.44,12.12,12.29,54214,203,12.3098
2016-11-10T05:00:00Z,12.25,12.3,12.01,12.15,146687,536,12.1026
2016-11-11T05:00:00Z,11.95,11.957,11.74,11.9,84661,391,11.8654
2016-11-14T05:00:00Z,11.92,11.93,11.69,11.75,184433,293,11.7289
2016-11-15T05:00:00Z,11.75,11.9683,11.75,11.92,74029,243,11.8865
2016-11-16T05:00:00Z,11.83,11.85,11.75,11.79,29047,134,11.8019
2016-11-17T05:00:00Z,11.88,11.92,11.7,11.81,30977,113,11.8569
2016-11-18T05:00:00Z,11.82,11.87,11.71,11.8,87271,339,11.8001
2016-11-21T05:00:00Z,11.83,11.94,11.8176,11.9,61470,183,11.8853
2016-11-22T05:00:00Z,12.03,12.09,11.9692,12.08,73543,250,12.0424
2016-11-23T05:00:00Z,11.99,11.9999,11.9352,11.96,30009,155,11.9658
2016-11-25T05:00:00Z,12.01,12.0599,11.966,12.03,30718,94,11.9966
2016-11-28T05:00:00Z,11.97,12.18,11.95,12.03,87247,258,12.034
2016-11-29T05:00:00Z,12.04,12.1,11.97,12.01,104223,373,12.0388
2016-11-30T05:00:00Z,12.06,12.12,12.03,12.12,31611,124,12.0691
2016-12-01T05:00:00Z,12.11,12.11,11.87,11.98,65748,263,12.0034
2016-12-02T05:00:00Z,11.98,12.01,11.79,11.88,137856,498,11.9284
2016-12-05T05:00:00Z,11.95,12.0293,11.93,11.97,54042,247,11.9827
2016-12-06T05:00:00Z,12.03,12.1,12,12.1,35629,108,12.0516
2016-12-07T05:00:00Z,12.12,12.31,12.12,12.28,62293,200,12.2047
2016-12-08T05:00:00Z,12.25,12.31,12.12,12.23,88114,382,12.2466
2016-12-09T05:00:00Z,12.28,12.29,12.09,12.22,91406,277,12.2
2016-12-12T05:00:00Z,12.13,12.19,11.9101,12.06,72537,289,12.0818
2016-12-13T05:00:00Z,11.98,12.13,11.98,12.05,56142,242,12.0829
2016-12-14T05:00:00Z,11.99,12.03,11.78,11.78,72371,169,11.9576
2016-12-15T05:00:00Z,11.72,11.8776,11.72,11.85,90562,289,11.8146
2016-12-16T05:00:00Z,11.84,11.94,11.7126,11.8,34295,164,11.8024
2016-12-19T05:00:00Z,11.81,11.83,11.7686,11.78,72155,203,11.8003
2016-12-20T05:00:00Z,11.78,11.85,11.71,11.72,67764,252,11.7809
2016-12-21T05:00:00Z,11.8,11.83,11.68,11.7301,49242,135,11.7363
2016-12-22T05:00:00Z,11.7,11.7,11.6058,11.61,47740,143,11.6576
2016-12-23T05:00:00Z,11.66,11.84,11.6,11.84,120874,390,11.7012
2016-12-27T05:00:00Z,11.81,11.9,11.8,11.82,34079,228,11.8539
2016-12-28T05:00:00Z,11.95,11.99,11.8619,11.95,68122,278,11.9413
2016-12-29T05:00:00Z,12.03,12.15,12.03,12.15,37218,223,12.0868
2016-12-30T05:00:00Z,12.2,12.2,12.07,12.09,86003,395,12.1152
2017-01-03T05:00:00Z,12.21,12.33,12.195,12.29,79430,481,12.2706
2017-01-04T05:00:00Z,12.5,12.51,12.35,12.4614,59625,172,12.4593
2017-01-05T05:00:00Z,12.46,12.56,12.46,12.55,36908,129,12.5209
2017-01-06T05:00:00Z,12.51,12.54,12.49,12.52,16382,49,12.5151
2017-01-09T05:00:00Z,12.51,12.54,12.45,12.47,35109,168,12.4999
2017-01-10T05:00:00Z,12.53,12.62,12.53,12.59,59032,239,12.5748
2017-01-11T05:00:00Z,12.59,12.69,12.57,12.67,29970,111,12.6285
2017-01-12T05:00:00Z,12.78,12.78,12.69,12.77,38552,134,12.7476
2017-01-13T05:00:00Z,12.68,12.77,12.68,12.73,33096,130,12.7143
2017-01-17T05:00:00Z,12.63,12.73,12.63,12.69,25997,114,12.7036
2017-01-18T05:00:00Z,12.7,12.72,12.53,12.5592,64323,238,12.6325
2017-01-19T05:00:00Z,12.53,12.6447,12.51,12.53,24925,123,12.5379
2017-01-20T05:00:00Z,12.57,12.58,12.52,12.54,37205,172,12.5473
2017-01-23T05:00:00Z,12.65,12.72,12.62,12.7,41180,193,12.6667
2017-01-24T05:00:00Z,12.72,12.8351,12.72,12.8,42853,159,12.8066
2017-01-25T05:00:00Z,12.89,12.89,12.84,12.85,61769,221,12.857
2017-01-26T05:00:00Z,12.89,12.89,12.83,12.87,46925,153,12.8477
2017-01-27T05:00:00Z,12.86,12.93,12.83,12.92,65546,203,12.8908
2017-01-30T05:00:00Z,12.86,12.885,12.81,12.83,123502,416,12.8569
2017-01-31T05:00:00Z,12.79,12.869,12.79,12.85,33603,114,12.842
2017-02-01T05:00:00Z,12.94,12.94,12.85,12.9,42517,235,12.8925
2017-02-02T05:00:00Z,12.93,12.95,12.73,12.93,36042,140,12.9094
2017-02-03T05:00:00Z,12.95,13.06,12.94,13.02,70020,281,13.0182
2017-02-06T05:00:00Z,13.05,13.0746,12.95,13.01,66552,207,13.0184
2017-02-07T05:00:00Z,12.99,13.06,12.99,13.01,32397,137,13.0194
2017-02-08T05:00:00Z,13.02,13.1,13,13.1,65402,227,13.0771
2017-02-09T05:00:00Z,13.13,13.18,13.08,13.15,37900,165,13.1596
2017-02-10T05:00:00Z,13.16,13.25,13.14,13.2,63763,209,13.2124
2017-02-13T05:00:00Z,13.23,13.38,13.23,13.38,36472,148,13.2889
2017-02-14T05:00:00Z,13.31,13.36,13.2411,13.3301,51150,228,13.3241
2017-02-15T05:00:00Z,13.33,13.39,13.28,13.3796,48429,149,13.3504
2017-02-16T05:00:00Z,13.41,13.429,13.33,13.42,65102,290,13.3783
2017-02-17T05:00:00Z,13.33,13.41,13.3,13.41,52815,378,13.3538
2017-02-21T05:00:00Z,13.49,13.54,13.45,13.53,45692,170,13.4797
2017-02-22T05:00:00Z,13.54,13.65,13.5135,13.63,47340,173,13.5652
2017-02-23T05:00:00Z,13.72,13.72,13.6093,13.6349,35610,121,13.6574
2017-02-24T05:00:00Z,13.49,13.57,13.49,13.55,25551,113,13.5189
2017-02-27T05:00:00Z,13.52,13.55,13.47,13.51,42663,209,13.5176
2017-02-28T05:00:00Z,13.49,13.5,13.4,13.43,18177,93,13.4406
2017-03-01T05:00:00Z,13.43,13.5476,13.43,13.54,80427,402,13.5105
2017-03-02T05:00:00Z,13.42,13.44,13.28,13.28,45183,192,13.3729
2017-03-03T05:00:00Z,13.33,13.37,13.32,13.3418,38672,173,13.3356
2017-03-06T05:00:00Z,13.38,13.38,13.3366,13.36,80235,186,13.3635
2017-03-07T05:00:00Z,13.38,13.4377,13.3542,13.43,35448,141,13.4043
2017-03-08T05:00:00Z,13.38,13.4,13.34,13.34,69776,146,13.3801
2017-03-09T05:00:00Z,13.29,13.29,13.16,13.24,55051,170,13.2276
2017-03-10T05:00:00Z,13.3,13.34,13.2871,13.32,21197,96,13.3115
2017-03-13T04:00:00Z,13.44,13.56,13.43,13.53,55570,162,13.4828
2017-03-14T04:00:00Z,13.49,13.54,13.45,13.49,61846,200,13.5006
2017-03-15T04:00:00Z,13.54,13.99,13.44,13.95,103442,479,13.7135
2017-03-16T04:00:00Z,14.01,14.01,13.85,13.86,67180,244,13.9079
2017-03-17T04:00:00Z,13.9,13.99,13.85,13.92,51463,213,13.8952
2017-03-20T04:00:00Z,13.99,14.13,13.97,14.04,75139,316,14.0613
2017-03-21T04:00:00Z,14.1,14.15,13.9205,13.94,83357,351,14.0013
2017-03-22T04:00:00Z,13.91,14.02,13.88,14.0008,49964,224,13.952
2017-03-23T04:00:00Z,14,14.02,13.93,14.02,70701,347,13.9735
2017-03-24T04:00:00Z,14.01,14.03,13.93,13.93,54929,190,13.9775
2017-03-27T04:00:00Z,13.93,13.99,13.85,13.92,51303,242,13.8922
2017-03-28T04:00:00Z,13.91,14.05,13.91,14.05,57725,252,14.0168
2017-03-29T04:00:00Z,14.02,14.09,14.02,14.07,44938,156,14.0467
2017-03-30T04:00:00Z,14.02,14.11,14.02,14.08,59489,242,14.0753
2017-03-31T04:00:00Z,13.95,14.05,13.95,14.02,33554,196,14.0083
2017-04-03T04:00:00Z,14.06,14.19,14.03,14.16,37934,176,14.0802
2017-04-04T04:00:00Z,14.15,14.19,14.0521,14.19,46796,175,14.1449
2017-04-05T04:00:00Z,14.2,14.3,14.1999,14.2,56570,235,14.2415
2017-04-06T04:00:00Z,14.19,14.3,14.161,14.27,63446,263,14.2444
2017-04-07T04:00:00Z,14.31,14.31,14.15,14.25,68936,271,14.2203
2017-04-10T04:00:00Z,14.2,14.2,14.12,14.17,25786,122,14.1737
2017-04-11T04:00:00Z,14.16,14.1899,14.0506,14.14,51594,164,14.1158
2017-04-12T04:00:00Z,14.18,14.18,14.05,14.09,39101,157,14.1015
2017-04-13T04:00:00Z,14.09,14.18,14.08,14.08,103150,365,14.1528
2017-04-17T04:00:00Z,14.14,14.17,14.09,14.15,170525,636,14.1231
2017-04-18T04:00:00Z,14.15,14.15,13.97,14.04,139353,528,14.0082
2017-04-19T04:00:00Z,14.03,14.0979,13.89,13.89,157126,535,13.9674
2017-04-20T04:00:00Z,14,14.04,13.96,14.03,199807,791,13.9952
2017-04-21T04:00:00Z,14.08,14.08,14,14.07,93760,272,14.0255
2017-04-24T04:00:00Z,14.21,14.28,14.2,14.24,187283,495,14.2375
2017-04-25T04:00:00Z,14.28,14.3099,14.27,14.27,90633,386,14.2806
2017-04-26T04:00:00Z,14.29,14.32,14.28,14.31,68050,272,14.2991
2017-04-27T04:00:00Z,14.33,14.33,14.28,14.32,42728,184,14.3112
2017-04-28T04:00:00Z,14.37,14.38,14.3201,14.36,35091,201,14.3404
2017-05-01T04:00:00Z,14.46,14.47,14.37,14.46,86888,331,14.4436
2017-05-02T04:00:00Z,14.49,14.53,14.44,14.53,45997,204,14.5068
2017-05-03T04:00:00Z,14.52,14.52,14.42,14.46,36814,123,14.4802
2017-05-04T04:00:00Z,14.41,14.43,14.32,14.36,35584,179,14.3649
2017-05-05T04:00:00Z,14.42,14.46,14.36,14.43,65551,220,14.4213
2017-05-08T04:00:00Z,14.5,14.528,14.47,14.5,40701,181,14.4984
2017-05-09T04:00:00Z,14.58,14.69,14.58,14.66,94475,351,14.6575
2017-05-10T04:00:00Z,14.73,14.77,14.65,14.77,70952,268,14.7146
2017-05-11T04:00:00Z,14.82,14.82,14.65,14.78,62277,188,14.7136
2017-05-12T04:00:00Z,14.8,14.97,14.8,14.92,57007,193,14.8742
2017-05-15T04:00:00Z,15.02,15.2,14.9701,15.17,122067,423,15.0988
2017-05-16T04:00:00Z,15.2,15.26,15.165,15.22,126074,400,15.2202
2017-05-17T04:00:00Z,15.16,15.16,15,15.03,86359,309,15.0735
2017-05-18T04:00:00Z,14.8,14.84,14.6484,14.73,109031,529,14.7746
2017-05-19T04:00:00Z,14.82,14.9213,14.82,14.9,60254,232,14.8914
2017-05-22T04:00:00Z,14.98,15,14.951,14.99,49180,210,14.9727
2017-05-23T04:00:00Z,15,15.08,14.9307,15.05,54242,242,15.0153
2017-05-24T04:00:00Z,15.05,15.11,15,15.1,88581,323,15.0722
2017-05-25T04:00:00Z,15.13,15.21,15.04,15.04,57168,248,15.105
2017-05-26T04:00:00Z,15.15,15.18,14.99,15.11,47559,211,15.1093
2017-05-30T04:00:00Z,15.08,15.1,15.01,15.09,44462,110,15.0653
2017-05-31T04:00:00Z,15.03,15.05,14.98,14.98,31469,109,15.019
2017-06-01T04:00:00Z,15.11,15.14,15.01,15.14,38998,186,15.0848
2017-06-02T04:00:00Z,15.16,15.2,15.06,15.2,74862,402,15.1486
2017-06-05T04:00:00Z,15.19,15.22,15.11,15.14,40047,164,15.1674
2017-06-06T04:00:00Z,15.18,15.23,15.086,15.19,42119,190,15.1932
2017-06-07T04:00:00Z,15.17,15.18,15.09,15.1,58665,240,15.1239
2017-06-08T04:00:00Z,15.1,15.18,15.1,15.17,35847,115,15.1571
2017-06-09T04:00:00Z,15.21,15.34,15.13,15.2,78416,285,15.2308
2017-06-12T04:00:00Z,15.17,15.2,15.02,15.08,40736,217,15.0568
2017-06-13T04:00:00Z,15.01,15.08,15.001,15.02,46295,203,15.0318
2017-06-14T04:00:00Z,15.14,15.15,15.02,15.08,32630,172,15.0809
2017-06-15T04:00:00Z,14.95,14.95,14.8434,14.91,86424,264,14.8946
2017-06-16T04:00:00Z,14.92,14.92,14.7693,14.82,40954,154,14.8328
2017-06-19T04:00:00Z,14.91,15,14.91,14.95,39923,177,14.9625
2017-06-20T04:00:00Z,14.81,14.9312,14.81,14.88,30393,149,14.8839
2017-06-21T04:00:00Z,14.97,15.01,14.93,14.98,48080,245,14.9889
2017-06-22T04:00:00Z,15.07,15.12,15.04,15.12,35468,123,15.0692
2017-06-23T04:00:00Z,15.07,15.125,14.99,15.04,38482,164,15.0874
2017-06-26T04:00:00Z,15.13,15.195,15.09,15.14,38744,174,15.1449
2017-06-27T04:00:00Z,15.1,15.1449,14.95,14.98,39347,219,15.0321
2017-06-28T04:00:00Z,15.01,15.06,15,15.05,34171,145,15.0343
2017-06-29T04:00:00Z,14.99,14.995,14.82,14.8346,38805,155,14.8949
2017-06-30T04:00:00Z,14.86,14.97,14.86,14.91,20579,73,14.9309
2017-07-03T04:00:00Z,14.92,15.0373,14.92,14.96,18981,63,14.9833
2017-07-05T04:00:00Z,14.97,14.97,14.8591,14.93,27232,113,14.898
2017-07-06T04:00:00Z,14.84,14.885,14.741,14.75,29402,147,14.7941
2017-07-07T04:00:00Z,14.75,14.92,14.75,14.88,47029,146,14.8383
2017-07-10T04:00:00Z,14.86,15.01,14.86,14.99,33935,129,14.9755
2017-07-11T04:00:00Z,14.99,15.0799,14.98,15.02,78594,295,15.0369
2017-07-12T04:00:00Z,15.18,15.36,15.17,15.29,91400,411,15.2806
2017-07-13T04:00:00Z,15.3,15.4817,15.3,15.45,35660,158,15.424
2017-07-14T04:00:00Z,15.57,15.669,15.46,15.65,34675,137,15.626
2017-07-17T04:00:00Z,15.68,15.71,15.632,15.71,47414,217,15.673
2017-07-18T04:00:00Z,15.71,15.81,15.66,15.81,26597,179,15.7637
2017-07-19T04:00:00Z,15.87,16,15.84,16,60830,268,15.9646
2017-07-20T04:00:00Z,15.8,16.02,15.8,15.96,47396,150,15.9725
2017-07-21T04:00:00Z,15.97,15.9749,15.81,15.88,61937,255,15.9012
2017-07-24T04:00:00Z,15.87,15.98,15.87,15.94,32262,125,15.9078
2017-07-25T04:00:00Z,16.03,16.05,16.01,16.03,36964,180,16.0326
2017-07-26T04:00:00Z,16.02,16.04,15.93,16.03,40542,157,16.008
2017-07-27T04:00:00Z,16.09,16.17,15.98,16.03,36066,182,16.0968
2017-07-28T04:00:00Z,15.97,16.01,15.95,15.97,126161,518,15.9719
2017-07-31T04:00:00Z,16.05,16.069,15.89,15.95,39465,199,15.9822
2017-08-01T04:00:00Z,16.11,16.15,16.0152,16.11,87642,329,16.1238
2017-08-02T04:00:00Z,16.13,16.13,16.07,16.1,100331,515,16.0935
2017-08-03T04:00:00Z,16.05,16.05,15.96,15.96,57383,266,16.0027
2017-08-04T04:00:00Z,16.04,16.1,16.0087,16.06,54609,201,16.0479
2017-08-07T04:00:00Z,16.13,16.22,16.1,16.22,48536,179,16.1901
2017-08-08T04:00:00Z,16.27,16.28,16.1902,16.22,65200,325,16.2584
2017-08-09T04:00:00Z,16.1,16.1,15.9655,16.03,43856,197,16.0556
2017-08-10T04:00:00Z,15.91,15.9534,15.55,15.57,103360,508,15.7091
2017-08-11T04:00:00Z,15.18,15.67,14.58,15.61,153786,727,15.3884
2017-08-14T04:00:00Z,15.74,15.81,15.67,15.67,79212,445,15.7397
2017-08-15T04:00:00Z,15.68,15.68,15.58,15.62,78929,406,15.6262
2017-08-16T04:00:00Z,15.67,15.8361,15.62,15.82,82058,442,15.7544
2017-08-17T04:00:00Z,15.8,15.95,15.74,15.78,81033,374,15.8262
2017-08-18T04:00:00Z,15.81,15.88,15.74,15.83,40359,182,15.8221
2017-08-21T04:00:00Z,15.96,15.98,15.9,15.92,51903,223,15.9394
2017-08-22T04:00:00Z,16,16.24,15.92,16.15,60425,323,16.1454
2017-08-23T04:00:00Z,16.11,16.19,16.09,16.18,28629,178,16.1468
2017-08-24T04:00:00Z,16.23,16.3068,16.23,16.26,19942,113,16.2671
2017-08-25T04:00:00Z,16.3,16.41,16.3,16.35,54975,245,16.3534
2017-08-28T04:00:00Z,16.36,16.3899,16.2992,16.38,55676,240,16.3337
2017-08-29T04:00:00Z,16.21,16.37,16.21,16.32,41388,194,16.2855
2017-08-30T04:00:00Z,16.32,16.37,16.31,16.35,37881,174,16.3366
2017-08-31T04:00:00Z,16.35,16.47,16.35,16.45,22625,138,16.416
2017-09-01T04:00:00Z,16.5,16.5,16.42,16.42,22769,122,16.4607
2017-09-05T04:00:00Z,16.35,16.3964,16.24,16.27,47033,235,16.3169
2017-09-06T04:00:00Z,16.39,16.392,16.3455,16.39,29129,117,16.3744
2017-09-07T04:00:00Z,16.44,16.54,16.43,16.49,39836,232,16.4696
2017-09-08T04:00:00Z,16.48,16.514,16.44,16.48,23043,109,16.4723
2017-09-11T04:00:00Z,16.59,16.68,16.51,16.62,35448,157,16.6309
2017-09-12T04:00:00Z,16.55,16.67,16.53,16.6,47820,183,16.5804
2017-09-13T04:00:00Z,16.66,16.7,16.6254,16.6601,34835,183,16.6658
2017-09-14T04:00:00Z,16.68,16.78,16.63,16.78,55650,182,16.712
2017-09-15T04:00:00Z,16.7,16.87,16.7,16.81,41617,210,16.8269
2017-09-18T04:00:00Z,16.89,17.02,16.89,17.02,61597,201,16.9811
2017-09-19T04:00:00Z,17.04,17.0572,16.97,16.97,66333,336,17.014
2017-09-20T04:00:00Z,17.05,17.08,16.8,16.89,65977,305,16.9393
2017-09-21T04:00:00Z,16.5,16.99,16.5,16.98,16400,87,16.8404
2017-09-22T04:00:00Z,16.9,16.9,16.84,16.84,25357,124,16.8533
2017-09-25T04:00:00Z,16.79,16.79,16.64,16.71,109770,624,16.6947
2017-09-26T04:00:00Z,16.73,16.73,16.64,16.65,47973,255,16.6733
2017-09-27T04:00:00Z,16.6,16.62,16.46,16.47,37212,156,16.508
2017-09-28T04:00:00Z,16.43,16.51,16.34,16.37,40680,266,16.3688
2017-09-29T04:00:00Z,16.52,16.54,16.47,16.491,66235,308,16.4966
2017-10-02T04:00:00Z,16.57,16.68,16.5465,16.68,76437,349,16.6072
2017-10-03T04:00:00Z,16.77,16.8885,16.7,16.83,50985,196,16.838
2017-10-04T04:00:00Z,16.87,16.99,16.84,16.88,46184,270,16.9132
2017-10-05T04:00:00Z,16.98,17.18,16.98,17.18,46744,310,17.0847
2017-10-06T04:00:00Z,17.1,17.1,16.94,17.01,51414,184,16.9894
2017-10-09T04:00:00Z,17.04,17.052,16.95,16.99,18374,80,17.0111
2017-10-10T04:00:00Z,17.07,17.16,17.07,17.13,86539,250,17.1227
2017-10-11T04:00:00Z,17.13,17.17,17.08,17.17,21759,102,17.1144
2017-10-12T04:00:00Z,17.19,17.2419,17.14,17.19,21016,107,17.2093
2017-10-13T04:00:00Z,17.27,17.37,17.2655,17.29,15183,108,17.3238
2017-10-16T04:00:00Z,17.29,17.29,17.2,17.26,89329,318,17.2605
2017-10-17T04:00:00Z,17.2,17.26,17.11,17.17,35139,160,17.2
2017-10-18T04:00:00Z,17.23,17.2575,17.16,17.16,79429,446,17.1696
2017-10-19T04:00:00Z,17.1,17.13,17.01,17.05,67229,281,17.0368
2017-10-20T04:00:00Z,17.1,17.1,17.02,17.04,29892,175,17.0463
2017-10-23T04:00:00Z,17,17.04,16.9,16.9,49250,195,16.9522
2017-10-24T04:00:00Z,16.96,17.01,16.893,16.98,51206,319,16.9386
2017-10-25T04:00:00Z,17.02,17.07,16.87,16.95,57765,241,16.9714
2017-10-26T04:00:00Z,17.05,17.05,16.92,16.92,31875,371,16.9703
2017-10-27T04:00:00Z,17.02,17.02,16.91,16.95,56026,235,16.9468
2017-10-30T04:00:00Z,16.9,16.94,16.78,16.79,39082,313,16.8707
2017-10-31T04:00:00Z,16.9,17.03,16.9,16.97,57729,386,16.9805
2017-11-01T04:00:00Z,17.1,17.16,17.08,17.12,37949,176,17.1214
2017-11-02T04:00:00Z,17.12,17.16,17.0991,17.13,43256,228,17.1227
2017-11-03T04:00:00Z,17.14,17.1662,17.08,17.15,22330,211,17.1208
2017-11-06T05:00:00Z,17.08,17.2,17.08,17.18,31863,118,17.1383
2017-11-07T05:00:00Z,17.23,17.23,17.15,17.19,29772,189,17.1861
2017-11-08T05:00:00Z,17.25,17.29,17.18,17.26,29069,162,17.2353
2017-11-09T05:00:00Z,17.2,17.2,17.1,17.13,34959,240,17.1361
2017-11-10T05:00:00Z,17.11,17.14,17.061,17.09,24819,169,17.1112
2017-11-13T05:00:00Z,17.07,17.07,16.88,16.88,50482,313,16.9922
2017-11-14T05:00:00Z,16.9,16.93,16.77,16.83,81229,410,16.8582
2017-11-15T05:00:00Z,16.79,16.83,16.68,16.75,49073,271,16.7662
2017-11-16T05:00:00Z,16.99,17.11,16.9,17.06,23310,135,17.0543
2017-11-17T05:00:00Z,17.05,17.192,17.05,17.11,32966,154,17.1469
2017-11-20T05:00:00Z,17.17,17.36,17.14,17.35,67223,286,17.2662
2017-11-21T05:00:00Z,17.45,17.65,17.44,17.61,57958,278,17.5854
2017-11-22T05:00:00Z,17.67,17.76,17.605,17.7599,53365,249,17.6917
2017-11-24T05:00:00Z,17.67,17.746,17.67,17.72,26241,143,17.7107
2017-11-27T05:00:00Z,17.58,17.6516,17.5,17.52,56806,298,17.5471
2017-11-28T05:00:00Z,17.58,17.62,17.53,17.59,30630,114,17.5718
2017-11-29T05:00:00Z,17.56,17.75,17.25,17.275,59836,335,17.354
2017-11-30T05:00:00Z,17.26,17.2664,17.1,17.1,44813,277,17.1612
2017-12-01T05:00:00Z,17.03,17.08,16.84,16.95,50918,158,16.9413
2017-12-04T05:00:00Z,17.01,17.25,17.01,17.06,80018,330,17.0864
2017-12-05T05:00:00Z,17.15,17.15,17.01,17.01,14270,87,17.0786
2017-12-06T05:00:00Z,16.9,16.9,16.78,16.81,51959,315,16.8165
2017-12-07T05:00:00Z,16.76,16.87,16.76,16.87,26590,117,16.8167
2017-12-08T05:00:00Z,17.03,17.03,16.909,16.95,38146,209,16.9452
2017-12-11T05:00:00Z,17.05,17.14,17.0204,17.13,29994,192,17.1021
2017-12-12T05:00:00Z,17.01,17.0196,16.94,16.99,34233,141,16.9802
2017-12-13T05:00:00Z,17.1,17.12,17.04,17.12,142100,432,17.0692
2017-12-14T05:00:00Z,16.01,16.01,15.86,15.98,58660,285,15.9539
2017-12-15T05:00:00Z,15.95,15.9999,15.76,15.88,248056,482,15.8929
2017-12-18T05:00:00Z,15.88,15.9342,15.85,15.9,138833,563,15.8937
2017-12-19T05:00:00Z,15.9,15.97,15.8599,15.92,61463,273,15.9037
2017-12-20T05:00:00Z,15.93,16.05,15.913,16.05,106302,500,15.9935
2017-12-21T05:00:00Z,16.05,16.12,15.97,16.12,55836,218,16.0695
2017-12-22T05:00:00Z,16.05,16.1605,16.05,16.1,69651,394,16.0853
2017-12-26T05:00:00Z,16.1,16.1609,16.1,16.16,25689,99,16.1424
2017-12-27T05:00:00Z,16.16,16.21,16.135,16.147,71207,437,16.1782
2017-12-28T05:00:00Z,16.26,16.27,16.15,16.25,57347,301,16.2171
2017-12-29T05:00:00Z,16.49,16.5,16.4,16.41,88442,312,16.4457
2018-01-02T05:00:00Z,16.51,16.93,16.51,16.9,210109,901,16.7898
2018-01-03T05:00:00Z,16.96,17.16,16.96,17.14,59685,338,17.0629
2018-01-04T05:00:00Z,17.19,17.38,17.1724,17.32,80826,342,17.2856
2018-01-05T05:00:00Z,17.33,17.47,17.32,17.42,85444,486,17.4082
2018-01-08T05:00:00Z,17.54,17.54,17.4,17.49,34474,142,17.4563
2018-01-09T05:00:00Z,17.46,17.46,17.387,17.44,24250,126,17.4228
2018-01-10T05:00:00Z,17.36,17.36,17.151,17.1871,47142,215,17.2333
2018-01-11T05:00:00Z,17.2,17.43,17.1739,17.31,47231,269,17.2568
2018-01-12T05:00:00Z,17.29,17.48,17.272,17.48,49421,212,17.3633
2018-01-16T05:00:00Z,17.6,17.65,17.37,17.45,79221,387,17.5245
2018-01-17T05:00:00Z,17.5,17.55,17.4194,17.54,43214,246,17.4711
2018-01-18T05:00:00Z,17.42,17.49,17.35,17.47,60131,266,17.4128
2018-01-19T05:00:00Z,17.62,17.62,17.48,17.5,65084,427,17.5317
2018-01-22T05:00:00Z,17.52,17.61,17.52,17.56,40461,256,17.5631
2018-01-23T05:00:00Z,17.62,17.7,17.51,17.7,38817,232,17.6084
2018-01-24T05:00:00Z,17.8,17.92,17.8,17.92,48304,206,17.8746
2018-01-25T05:00:00Z,17.92,18,17.59,17.65,283926,663,17.715
2018-01-26T05:00:00Z,17.78,18,17.78,17.93,74378,363,17.9218
2018-01-29T05:00:00Z,17.8,17.8,17.6,17.62,98803,303,17.7037
2018-01-30T05:00:00Z,17.46,17.54,17.32,17.39,98850,362,17.3956
2018-01-31T05:00:00Z,17.62,17.625,17.51,17.5948,46967,230,17.5692
2018-02-01T05:00:00Z,17.53,17.5348,17.45,17.45,24643,129,17.4937
2018-02-02T05:00:00Z,17.31,17.32,17,17.03,125977,582,17.0964
2018-02-05T05:00:00Z,16.89,16.946,16.28,16.33,106136,527,16.692
2018-02-06T05:00:00Z,16.02,17.06,16.01,16.98,190668,846,16.4908
2018-02-07T05:00:00Z,16.75,17.06,16.62,16.72,83107,480,16.856
2018-02-08T05:00:00Z,16.78,16.78,16.18,16.18,216327,982,16.3119
2018-02-09T05:00:00Z,16.19,16.449,16.0141,16.37,222558,1133,16.2553
2018-02-12T05:00:00Z,16.63,16.63,16.47,16.57,128171,527,16.5684
2018-02-13T05:00:00Z,16.62,16.68,16.574,16.66,60990,239,16.6331
2018-02-14T05:00:00Z,16.64,17.08,16.64,17.02,69864,306,16.904
2018-02-15T05:00:00Z,17.21,17.38,17.05,17.26,59868,287,17.2556
2018-02-16T05:00:00Z,17.19,17.39,17.19,17.37,50756,244,17.333
2018-02-20T05:00:00Z,17.26,17.31,17.2,17.21,35320,130,17.231
2018-02-21T05:00:00Z,17.22,17.36,17.09,17.11,37404,190,17.2008
2018-02-22T05:00:00Z,17.07,17.15,17.07,17.11,31552,164,17.1151
2018-02-23T05:00:00Z,17.3,17.3,17.1754,17.19,45218,271,17.2152
2018-02-26T05:00:00Z,17.21,17.33,17.19,17.31,43510,121,17.2508
2018-02-27T05:00:00Z,17.16,17.23,16.87,16.93,55571,359,17.0144
2018-02-28T05:00:00Z,16.89,16.96,16.855,16.94,35990,178,16.9265
2018-03-01T05:00:00Z,16.97,16.97,16.71,16.8,58819,284,16.8252
2018-03-02T05:00:00Z,16.62,16.76,16.62,16.75,35718,161,16.6878
2018-03-05T05:00:00Z,16.61,16.75,16.56,16.69,39544,138,16.6808
2018-03-06T05:00:00Z,16.76,16.93,16.69,16.83,52667,212,16.8235
2018-03-07T05:00:00Z,16.71,16.84,16.67,16.84,29012,148,16.743
2018-03-08T05:00:00Z,16.84,16.98,16.77,16.84,29205,137,16.8101
2018-03-09T05:00:00Z,16.94,17.0911,16.93,17.0911,41273,201,17.0225
2018-03-12T04:00:00Z,17.07,17.2099,17.0403,17.09,36453,120,17.0984
2018-03-13T04:00:00Z,17.19,17.24,16.96,16.99,35589,202,17.1067
2018-03-14T04:00:00Z,17.04,17.09,16.93,16.95,67100,262,17.0124
2018-03-15T04:00:00Z,16.95,17.02,16.87,16.94,47323,278,16.9617
2018-03-16T04:00:00Z,16.81,16.89,16.81,16.823,33220,144,16.8461
2018-03-19T04:00:00Z,16.8,16.8,16.45,16.55,77649,403,16.5998
2018-03-20T04:00:00Z,16.58,16.77,16.58,16.75,70115,282,16.6672
2018-03-21T04:00:00Z,16.71,16.805,16.68,16.79,41946,138,16.7488
2018-03-22T04:00:00Z,16.61,16.61,16.35,16.4,55960,351,16.4981
2018-03-23T04:00:00Z,16.4,16.4,16.1201,16.15,57267,300,16.2749
2018-03-26T04:00:00Z,16.27,16.6201,16.27,16.62,84952,685,16.4548
2018-03-27T04:00:00Z,16.57,16.83,16.25,16.37,38400,272,16.5256
2018-03-28T04:00:00Z,16.06,16.19,15.7901,16,102623,353,15.9832
2018-03-29T04:00:00Z,16.05,16.3976,16.01,16.28,24551,134,16.2505
2018-04-02T04:00:00Z,16.2,16.265,15.77,15.95,44798,242,16.0846
2018-04-03T04:00:00Z,16.05,16.16,16.0238,16.07,32643,135,16.0693
2018-04-04T04:00:00Z,15.84,16.09,15.81,16.07,38845,281,15.9877
2018-04-05T04:00:00Z,16.21,16.22,16.1304,16.2,26471,114,16.1951
2018-04-06T04:00:00Z,16.04,16.289,15.93,16.02,48821,302,16.0767
2018-04-09T04:00:00Z,16.03,16.1614,15.95,16.06,25395,144,16.0797
2018-04-10T04:00:00Z,16.15,16.22,16.121,16.22,36360,135,16.1616
2018-04-11T04:00:00Z,16.1,16.17,16.07,16.07,48874,214,16.133
2018-04-12T04:00:00Z,16.11,16.17,16.02,16.02,34194,245,16.0767
2018-04-13T04:00:00Z,16,16.01,15.8266,15.87,41342,183,15.8988
2018-04-16T04:00:00Z,15.79,15.94,15.78,15.92,61031,215,15.85
2018-04-17T04:00:00Z,15.97,15.97,15.88,15.89,30868,149,15.9253
2018-04-18T04:00:00Z,15.97,16.09,15.96,16.07,16377,88,16.0498
2018-04-19T04:00:00Z,16.06,16.13,15.95,15.99,21901,150,16.0362
2018-04-20T04:00:00Z,15.93,15.93,15.77,15.83,25670,141,15.807
2018-04-23T04:00:00Z,15.86,15.86,15.72,15.77,23653,186,15.8146
2018-04-24T04:00:00Z,15.85,15.8584,15.69,15.71,27334,150,15.7891
2018-04-25T04:00:00Z,15.57,15.629,15.525,15.61,36201,204,15.574
2018-04-26T04:00:00Z,15.67,15.75,15.65,15.75,14900,102,15.698
2018-04-27T04:00:00Z,15.81,15.86,15.8,15.84,11291,51,15.8229
2018-04-30T04:00:00Z,15.86,15.91,15.75,15.77,26005,124,15.8395
2018-05-01T04:00:00Z,15.68,15.7351,15.5458,15.73,37414,247,15.6915
2018-05-02T04:00:00Z,15.7,15.79,15.63,15.7,45720,281,15.7407
2018-05-03T04:00:00Z,15.75,15.75,15.44,15.63,34341,189,15.5524
2018-05-04T04:00:00Z,15.57,15.64,15.44,15.61,45031,212,15.57
2018-05-07T04:00:00Z,15.54,15.603,15.4,15.57,65207,298,15.5444
2018-05-08T04:00:00Z,15.62,15.69,15.5207,15.69,52778,213,15.644
2018-05-09T04:00:00Z,15.68,15.75,15.641,15.67,32825,164,15.6752
2018-05-10T04:00:00Z,15.69,16.06,15.69,15.98,31087,158,15.9587
2018-05-11T04:00:00Z,16.01,16.14,15.97,15.9908,24236,142,16.0335
2018-05-14T04:00:00Z,15.95,16.12,15.9499,15.98,75410,227,16.0143
2018-05-15T04:00:00Z,15.71,15.8,15.6408,15.65,53926,305,15.6961
2018-05-16T04:00:00Z,15.71,15.86,15.71,15.81,35073,219,15.8056
2018-05-17T04:00:00Z,15.72,15.73,15.54,15.6,67988,538,15.6448
2018-05-18T04:00:00Z,15.4,15.549,15.33,15.38,87457,447,15.409
2018-05-21T04:00:00Z,15.47,15.545,15.37,15.43,90933,425,15.4386
2018-05-22T04:00:00Z,15.44,15.58,15.44,15.5,46085,261,15.5372
2018-05-23T04:00:00Z,15.36,15.517,15.35,15.4966,75707,409,15.4551
2018-05-24T04:00:00Z,15.39,15.49,15.3832,15.42,55903,367,15.4362
2018-05-25T04:00:00Z,15.35,15.61,15.35,15.59,45646,249,15.5672
2018-05-29T04:00:00Z,15.49,15.49,15.3,15.34,57324,367,15.3729
2018-05-30T04:00:00Z,15.25,15.3,15.18,15.25,85635,431,15.2474
2018-05-31T04:00:00Z,15.16,15.35,15.12,15.3,61267,331,15.2665
2018-06-01T04:00:00Z,15.34,15.5,15.34,15.47,60698,342,15.4483
2018-06-04T04:00:00Z,15.51,15.72,15.51,15.67,18877,115,15.6467
2018-06-05T04:00:00Z,15.65,15.73,15.56,15.62,38003,217,15.6224
2018-06-06T04:00:00Z,15.72,15.7999,15.72,15.77,43024,178,15.7438
2018-06-07T04:00:00Z,15.72,15.7399,15.51,15.51,31486,152,15.6069
2018-06-08T04:00:00Z,15.41,15.5269,15.4,15.5185,38423,249,15.4559
2018-06-11T04:00:00Z,15.53,15.568,15.5,15.5,18055,124,15.5277
2018-06-12T04:00:00Z,15.5,15.53,15.44,15.45,41158,288,15.4741
2018-06-13T04:00:00Z,15.52,15.54,15.37,15.42,58246,330,15.448
2018-06-14T04:00:00Z,15.47,15.47,15.25,15.31,35215,243,15.3774
2018-06-15T04:00:00Z,15.12,15.18,15.02,15.12,70272,352,15.0989
2018-06-18T04:00:00Z,15.03,15.084,14.65,14.91,109632,449,14.8469
2018-06-19T04:00:00Z,14.75,14.77,14.66,14.73,62447,338,14.713
2018-06-20T04:00:00Z,14.88,14.9,14.805,14.84,26851,135,14.8606
2018-06-21T04:00:00Z,14.79,14.79,14.58,14.62,40528,241,14.6492
2018-06-22T04:00:00Z,14.77,14.87,14.75,14.84,69224,344,14.8291
2018-06-25T04:00:00Z,14.72,14.72,14.51,14.58,62577,266,14.5753
2018-06-26T04:00:00Z,14.63,14.68,14.51,14.64,47217,305,14.6137
2018-06-27T04:00:00Z,14.52,14.57,14.17,14.28,71183,297,14.3548
2018-06-28T04:00:00Z,14.25,14.33,14.21,14.31,53816,279,14.2652
2018-06-29T04:00:00Z,14.46,14.73,14.46,14.71,63455,227,14.6681
2018-07-02T04:00:00Z,14.65,14.65,14.46,14.58,41812,249,14.5259
2018-07-03T04:00:00Z,14.64,14.64,14.57,14.58,8367,52,14.6008
2018-07-05T04:00:00Z,14.58,14.58,14.4301,14.48,95265,407,14.4796
2018-07-06T04:00:00Z,14.49,14.7308,14.49,14.69,28097,160,14.6446
2018-07-09T04:00:00Z,14.74,14.9252,14.74,14.91,47986,167,14.8767
2018-07-10T04:00:00Z,14.9,14.93,14.81,14.92,67625,294,14.8533
2018-07-11T04:00:00Z,14.71,14.76,14.64,14.67,44428,164,14.6729
2018-07-12T04:00:00Z,14.76,14.8323,14.74,14.79,20917,123,14.7885
2018-07-13T04:00:00Z,14.72,14.79,14.7,14.72,43384,210,14.7371
2018-07-16T04:00:00Z,14.75,14.75,14.6589,14.66,21153,141,14.6824
2018-07-17T04:00:00Z,14.53,14.74,14.53,14.7,32895,182,14.6508
2018-07-18T04:00:00Z,14.67,14.67,14.57,14.63,44914,207,14.6352
2018-07-19T04:00:00Z,14.58,14.58,14.44,14.4556,41329,165,14.5163
2018-07-20T04:00:00Z,14.51,14.75,14.51,14.74,19941,153,14.7122
2018-07-23T04:00:00Z,14.73,14.73,14.64,14.68,30328,154,14.6647
2018-07-24T04:00:00Z,14.84,14.96,14.83,14.89,23477,165,14.8914
2018-07-25T04:00:00Z,14.99,15.1,14.91,15.1,45963,188,15.0013
2018-07-26T04:00:00Z,15.02,15.0951,14.968,14.97,19519,78,14.9954
2018-07-27T04:00:00Z,14.99,15.027,14.91,14.92,21528,105,14.9628
2018-07-30T04:00:00Z,15.01,15.051,14.92,14.9399,34659,161,14.9652
2018-07-31T04:00:00Z,14.92,15.0248,14.8699,14.93,60535,268,14.9355
2018-08-01T04:00:00Z,14.89,14.9,14.83,14.89,37777,244,14.8618
2018-08-02T04:00:00Z,14.71,14.73,14.63,14.68,32284,169,14.6955
2018-08-03T04:00:00Z,14.7,14.87,14.7,14.87,29959,184,14.762
2018-08-06T04:00:00Z,14.78,14.87,14.78,14.78,28947,155,14.8118
2018-08-07T04:00:00Z,14.92,14.99,14.84,14.84,32156,138,14.9237
2018-08-08T04:00:00Z,14.88,14.88,14.83,14.84,29192,147,14.8547
2018-08-09T04:00:00Z,14.82,14.9,14.8041,14.815,13429,72,14.8643
2018-08-10T04:00:00Z,14.54,14.56,14.4442,14.52,30289,204,14.5217
2018-08-13T04:00:00Z,14.44,14.45,14.22,14.25,135253,730,14.2816
2018-08-14T04:00:00Z,14.27,14.36,14.27,14.3,61255,314,14.3176
2018-08-15T04:00:00Z,14.16,14.16,13.71,13.92,113680,608,13.8863
2018-08-16T04:00:00Z,14.02,14.12,14.01,14.04,77506,395,14.0708
2018-08-17T04:00:00Z,13.92,14.15,13.92,14.15,49557,290,14.0419
2018-08-20T04:00:00Z,14.22,14.23,14.14,14.19,25198,129,14.1813
2018-08-21T04:00:00Z,14.26,14.47,14.26,14.42,43246,209,14.3959
2018-08-22T04:00:00Z,14.37,14.55,14.37,14.55,18595,113,14.4966
2018-08-23T04:00:00Z,14.55,14.55,14.32,14.37,44324,221,14.4311
2018-08-24T04:00:00Z,14.53,14.6,14.5101,14.6,16009,88,14.5491
2018-08-27T04:00:00Z,14.71,14.86,14.71,14.76,44204,279,14.7786
2018-08-28T04:00:00Z,14.88,14.88,14.74,14.79,26083,134,14.7897
2018-08-29T04:00:00Z,14.82,14.89,14.7,14.86,43018,357,14.7945
2018-08-30T04:00:00Z,14.7,14.754,14.5101,14.62,141567,409,14.6213
2018-08-31T04:00:00Z,14.56,14.64,14.52,14.612,48496,235,14.5993
2018-09-04T04:00:00Z,14.33,14.34,14.28,14.28,47263,227,14.3258
2018-09-05T04:00:00Z,14.18,14.18,14.09,14.14,64768,310,14.1332
2018-09-06T04:00:00Z,14.18,14.4492,14.045,14.12,55394,263,14.1152
2018-09-07T04:00:00Z,14.07,14.1499,14.05,14.0735,16009,106,14.1066
2018-09-10T04:00:00Z,14.07,14.07,13.88,13.95,37461,183,13.9886
2018-09-11T04:00:00Z,13.87,13.95,13.83,13.93,48407,284,13.8981
2018-09-12T04:00:00Z,13.82,14.08,13.82,14.03,41991,223,13.9899
2018-09-13T04:00:00Z,14.15,14.36,14.15,14.1862,53220,267,14.2357
2018-09-14T04:00:00Z,14.31,14.37,14.12,14.12,42589,215,14.2612
2018-09-17T04:00:00Z,14.14,14.3,14.087,14.16,165819,699,14.23
2018-09-18T04:00:00Z,14.26,14.48,14.2485,14.34,77982,363,14.3603
2018-09-19T04:00:00Z,14.4,14.55,14.4,14.5,18751,90,14.493
2018-09-20T04:00:00Z,14.5,14.67,14.5,14.67,45960,237,14.6123
2018-09-21T04:00:00Z,14.74,14.8,14.59,14.7,129095,787,14.6556
2018-09-24T04:00:00Z,14.48,14.58,14.45,14.53,54180,256,14.5339
2018-09-25T04:00:00Z,14.57,14.65,14.5487,14.64,27619,164,14.609
2018-09-26T04:00:00Z,14.62,14.9,14.62,14.74,40692,240,14.7677
2018-09-27T04:00:00Z,14.75,14.8091,14.74,14.78,16694,119,14.7695
2018-09-28T04:00:00Z,14.68,14.75,14.65,14.66,15626,115,14.6942
2018-10-01T04:00:00Z,14.73,14.7678,14.64,14.64,47968,261,14.7122
2018-10-02T04:00:00Z,14.59,14.59,14.46,14.53,25998,159,14.5255
2018-10-03T04:00:00Z,14.62,14.62,14.36,14.36,42818,235,14.4787
2018-10-04T04:00:00Z,14.25,14.25,14.0171,14.02,67094,247,14.0843
2018-10-05T04:00:00Z,14.02,14.0706,13.94,14.02,60167,312,14.0045
2018-10-08T04:00:00Z,13.92,14.06,13.92,14.03,36060,203,13.9972
2018-10-09T04:00:00Z,13.83,14.02,13.83,13.98,34897,270,13.9799
2018-10-10T04:00:00Z,13.98,13.98,13.6201,13.64,58084,433,13.7075
2018-10-11T04:00:00Z,13.51,13.61,13.36,13.4,93425,505,13.4486
2018-10-12T04:00:00Z,13.62,13.82,13.62,13.78,29739,184,13.7031
2018-10-15T04:00:00Z,13.66,13.69,13.51,13.55,34466,188,13.6333
2018-10-16T04:00:00Z,13.69,13.8,13.6701,13.79,66366,301,13.7529
2018-10-17T04:00:00Z,13.73,13.805,13.65,13.7,44115,266,13.6939
2018-10-18T04:00:00Z,13.58,13.58,13.38,13.44,47799,219,13.4982
2018-10-19T04:00:00Z,13.65,13.7,13.47,13.51,31963,207,13.5373
2018-10-22T04:00:00Z,13.74,13.74,13.56,13.63,22914,238,13.6419
2018-10-23T04:00:00Z,13.34,13.54,13.3,13.44,47447,339,13.3837
2018-10-24T04:00:00Z,13.51,13.51,13.05,13.09,95829,449,13.2921
2018-10-25T04:00:00Z,13.16,13.35,13.14,13.29,40826,190,13.2493
2018-10-26T04:00:00Z,13.23,13.24,12.94,13.21,119335,545,13.1204
2018-10-29T04:00:00Z,13.27,13.27,12.89,12.96,102166,527,13.0932
2018-10-30T04:00:00Z,13.03,13.1,12.949,13.1,127564,579,13.021
2018-10-31T04:00:00Z,13.28,13.4,13.28,13.4,122719,504,13.334
2018-11-01T04:00:00Z,13.52,13.86,13.4896,13.86,78963,292,13.7048
2018-11-02T04:00:00Z,13.94,14.08,13.77,13.94,183496,568,13.8942
2018-11-05T05:00:00Z,13.84,13.96,13.84,13.93,45781,184,13.9141
2018-11-06T05:00:00Z,13.91,14,13.91,13.92,89541,433,13.9537
2018-11-07T05:00:00Z,14.11,14.19,14.03,14.19,43816,209,14.1024
2018-11-08T05:00:00Z,14.1,14.1,13.9,13.91,80161,493,13.9782
2018-11-09T05:00:00Z,13.84,13.84,13.6,13.73,54654,241,13.7075
2018-11-12T05:00:00Z,13.73,13.75,13.585,13.59,30231,197,13.6359
2018-11-13T05:00:00Z,13.66,13.79,13.61,13.63,49938,293,13.7064
2018-11-14T05:00:00Z,13.75,13.7971,13.61,13.71,34301,231,13.6842
2018-11-15T05:00:00Z,13.71,14.02,13.71,13.96,89289,565,13.9276
2018-11-16T05:00:00Z,13.92,14.1515,13.91,14.08,82996,588,14.0346
2018-11-19T05:00:00Z,14.07,14.08,13.93,13.93,49637,267,13.9746
2018-11-20T05:00:00Z,13.71,13.7538,13.48,13.59,148006,709,13.5991
2018-11-21T05:00:00Z,13.68,13.87,13.68,13.83,42231,231,13.8189
2018-11-23T05:00:00Z,13.69,13.76,13.69,13.721,21151,176,13.7283
2018-11-26T05:00:00Z,13.78,13.9102,13.78,13.83,32868,171,13.8382
2018-11-27T05:00:00Z,13.8,13.95,13.8,13.95,45186,316,13.8772
2018-11-28T05:00:00Z,13.96,14.2507,13.957,14.23,51349,224,14.1154
2018-11-29T05:00:00Z,14.16,14.3299,14.11,14.14,140964,473,14.153
2018-11-30T05:00:00Z,14,14.11,13.9078,14.11,43418,187,14.0547
2018-12-03T05:00:00Z,14.3,14.43,14.3,14.37,39616,183,14.3587
2018-12-04T05:00:00Z,14.4,14.4,14.135,14.15,29794,97,14.2274
2018-12-06T05:00:00Z,13.9,14.01,13.83,13.97,136482,694,13.8824
2018-12-07T05:00:00Z,13.9,14.0369,13.76,13.7808,35411,224,13.8695
2018-12-10T05:00:00Z,13.81,13.81,13.45,13.56,69248,483,13.5597
2018-12-11T05:00:00Z,13.8,13.8,13.44,13.6,76046,523,13.6246
2018-12-12T05:00:00Z,13.85,13.9463,13.82,13.87,64198,352,13.8821
2018-12-13T05:00:00Z,13.81,13.92,13.8,13.92,37567,283,13.8642
2018-12-14T05:00:00Z,13.03,13.425,12.93,12.99,77001,520,13.0503
2018-12-17T05:00:00Z,13.11,13.13,12.82,12.83,141749,456,12.9991
2018-12-18T05:00:00Z,12.85,12.97,12.85,12.85,44576,246,12.8883
2018-12-19T05:00:00Z,12.92,13.05,12.71,12.76,115352,546,12.8811
2018-12-20T05:00:00Z,12.7,12.87,12.7,12.8,122007,676,12.7641
2018-12-21T05:00:00Z,12.88,12.91,12.63,12.63,157938,764,12.7533
2018-12-24T05:00:00Z,12.6,12.73,12.6,12.68,86388,451,12.6612
2018-12-26T05:00:00Z,12.72,12.87,12.6001,12.87,98115,438,12.7316
2018-12-27T05:00:00Z,12.85,12.94,12.77,12.94,119635,515,12.8203
2018-12-28T05:00:00Z,12.88,13,12.88,12.99,108140,530,12.9479
2018-12-31T05:00:00Z,13.24,13.3915,13.05,13.2,179934,762,13.1467
2019-01-02T05:00:00Z,13.04,13.85,13.04,13.5,266936,1419,13.4154
2019-01-03T05:00:00Z,13.38,13.38,13.0796,13.12,108576,489,13.1758
2019-01-04T05:00:00Z,13.28,13.45,13.27,13.45,35726,220,13.3779
2019-01-07T05:00:00Z,13.52,13.64,13.46,13.63,79150,450,13.5401
2019-01-08T05:00:00Z,13.59,13.62,13.424,13.53,64880,323,13.523
2019-01-09T05:00:00Z,13.66,13.83,13.66,13.83,51231,291,13.7424
2019-01-10T05:00:00Z,13.7528,13.93,13.74,13.93,34506,173,13.816
2019-01-11T05:00:00Z,13.799,13.8799,13.77,13.8,49730,262,13.837
2019-01-14T05:00:00Z,13.76,13.8045,13.72,13.8,17513,84,13.7793
2019-01-15T05:00:00Z,13.81,13.9444,13.81,13.82,27649,128,13.8747
2019-01-16T05:00:00Z,13.92,14.13,13.92,14.11,19342,147,14.0642
2019-01-17T05:00:00Z,14.11,14.25,14.03,14.25,50166,286,14.1033
2019-01-18T05:00:00Z,14.18,14.36,14.18,14.33,48297,277,14.2767
2019-01-22T05:00:00Z,14.17,14.17,14.021,14.07,30727,147,14.1065
2019-01-23T05:00:00Z,14.17,14.196,14.105,14.15,26124,167,14.1452
2019-01-24T05:00:00Z,14.22,14.3,14.22,14.28,26323,129,14.2648
2019-01-25T05:00:00Z,14.43,14.487,14.43,14.43,16977,103,14.4535
2019-01-28T05:00:00Z,14.35,14.39,14.28,14.39,31801,173,14.3254
2019-01-29T05:00:00Z,14.52,14.64,14.38,14.39,27161,139,14.438
2019-01-30T05:00:00Z,14.53,14.71,14.48,14.68,27562,173,14.5823
2019-01-31T05:00:00Z,14.73,14.94,14.73,14.91,95535,478,14.878
2019-02-01T05:00:00Z,14.87,14.91,14.8401,14.86,30547,189,14.8712
2019-02-04T05:00:00Z,14.82,14.9,14.74,14.81,47960,289,14.8205
2019-02-05T05:00:00Z,14.89,14.92,14.8001,14.88,93469,402,14.8652
2019-02-06T05:00:00Z,14.83,14.94,14.8,14.8,30338,179,14.8696
2019-02-07T05:00:00Z,14.64,14.78,14.55,14.55,53349,425,14.6091
2019-02-08T05:00:00Z,14.48,14.55,14.3615,14.55,22069,205,14.4874
2019-02-11T05:00:00Z,14.49,14.5329,14.47,14.4899,33459,175,14.5001
2019-02-12T05:00:00Z,14.57,14.65,14.51,14.55,79812,496,14.5708
2019-02-13T05:00:00Z,14.6,14.6,14.48,14.48,57160,288,14.5019
2019-02-14T05:00:00Z,14.4,14.56,14.4,14.54,33081,152,14.4766
2019-02-15T05:00:00Z,14.61,14.61,14.46,14.47,34051,188,14.5154
2019-02-19T05:00:00Z,14.43,14.6098,14.42,14.5732,68955,243,14.4598
2019-02-20T05:00:00Z,14.62,14.72,14.62,14.67,28098,297,14.6799
2019-02-21T05:00:00Z,14.7,14.7,14.51,14.58,45629,239,14.5799
2019-02-22T05:00:00Z,14.68,14.755,14.68,14.73,23045,161,14.7227
2019-02-25T05:00:00Z,14.86,14.95,14.86,14.92,113831,243,14.9296
2019-02-26T05:00:00Z,14.86,14.95,14.86,14.91,38698,265,14.9001
2019-02-27T05:00:00Z,14.81,14.98,14.78,14.9614,62671,404,14.9126
2019-02-28T05:00:00Z,14.95,14.95,14.791,14.83,37940,212,14.8295
2019-03-01T05:00:00Z,14.86,14.91,14.65,14.66,35343,268,14.7507
2019-03-04T05:00:00Z,14.77,14.7917,14.6001,14.65,35868,169,14.654
2019-03-05T05:00:00Z,14.62,14.775,14.62,14.74,41029,170,14.7228
2019-03-06T05:00:00Z,14.66,14.78,14.66,14.68,29809,179,14.7223
2019-03-07T05:00:00Z,14.67,14.67,14.47,14.48,28948,201,14.5414
2019-03-08T05:00:00Z,14.37,14.37,14.28,14.32,24537,191,14.3177
2019-03-11T04:00:00Z,14.34,14.5511,14.34,14.52,46446,237,14.4814
2019-03-12T04:00:00Z,14.55,14.65,14.55,14.61,14833,85,14.6055
2019-03-13T04:00:00Z,14.6,14.6321,14.57,14.57,39620,141,14.5972
2019-03-14T04:00:00Z,14.59,14.59,14.5555,14.57,38551,198,14.5674
2019-03-15T04:00:00Z,14.59,14.7332,14.59,14.7,29436,171,14.6986
2019-03-18T04:00:00Z,14.8,14.85,14.77,14.84,38217,129,14.8217
2019-03-19T04:00:00Z,14.85,14.91,14.85,14.9,21446,143,14.8993
2019-03-20T04:00:00Z,14.92,14.9499,14.8301,14.89,17584,154,14.8852
2019-03-21T04:00:00Z,14.87,14.97,14.8599,14.97,21005,142,14.9074
2019-03-22T04:00:00Z,14.78,14.93,14.78,14.83,120913,371,14.8742
2019-03-25T04:00:00Z,14.8,14.8244,14.581,14.75,31826,233,14.7444
2019-03-26T04:00:00Z,14.81,14.89,14.81,14.83,40479,294,14.8518
2019-03-27T04:00:00Z,14.74,14.8387,14.58,14.58,31544,185,14.6558
2019-03-28T04:00:00Z,14.61,14.73,14.5514,14.71,10139,102,14.6872
2019-03-29T04:00:00Z,14.76,14.91,14.76,14.88,21152,191,14.8645
2019-04-01T04:00:00Z,14.99,15.05,14.99,14.99,25044,160,15.0121
2019-04-02T04:00:00Z,15.01,15.05,14.98,14.98,15116,96,15.0173
2019-04-03T04:00:00Z,15.16,15.29,15.149,15.18,28966,170,15.1995
2019-04-04T04:00:00Z,15.115,15.3,15.05,15.26,29741,155,15.2398
2019-04-05T04:00:00Z,15.38,15.38,15.265,15.3103,22911,154,15.3371
2019-04-08T04:00:00Z,15.27,15.34,15.01,15.26,50615,306,15.2508
2019-04-09T04:00:00Z,15.31,15.32,15.25,15.3,50981,256,15.296
2019-04-10T04:00:00Z,15.34,15.44,15.32,15.41,55464,275,15.4097
2019-04-11T04:00:00Z,15.38,15.43,15.23,15.26,41224,271,15.3405
2019-04-12T04:00:00Z,15.39,15.44,15.34,15.37,22987,187,15.3802
2019-04-15T04:00:00Z,15.37,15.41,15.29,15.36,20287,198,15.3429
2019-04-16T04:00:00Z,15.45,15.4699,15.3675,15.45,48427,242,15.4288
2019-04-17T04:00:00Z,15.54,15.61,15.495,15.57,31040,199,15.5448
2019-04-18T04:00:00Z,15.4901,15.59,15.4901,15.54,15197,80,15.5356
2019-04-22T04:00:00Z,15.5,15.5,15.41,15.43,26511,162,15.4631
2019-04-23T04:00:00Z,15.45,15.53,15.42,15.46,24741,138,15.4793
2019-04-24T04:00:00Z,15.41,15.45,15.35,15.37,39057,306,15.3873
2019-04-25T04:00:00Z,15.31,15.54,15.28,15.41,30064,164,15.3796
2019-04-26T04:00:00Z,15.43,15.5,15.37,15.4,23575,191,15.4251
2019-04-29T04:00:00Z,15.47,15.54,15.33,15.38,27219,151,15.4139
2019-04-30T04:00:00Z,15.33,15.38,15.33,15.34,20412,145,15.3478
2019-05-01T04:00:00Z,15.34,15.4289,15.305,15.31,40547,229,15.3553
2019-05-02T04:00:00Z,15.39,15.46,15.28,15.46,17306,103,15.3452
2019-05-03T04:00:00Z,15.48,15.54,15.41,15.54,39066,231,15.4813
2019-05-06T04:00:00Z,15.15,15.27,15.0156,15.26,35719,251,15.1746
2019-05-07T04:00:00Z,15.12,15.2,14.89,14.98,29655,274,15.0132
2019-05-08T04:00:00Z,15.03,15.27,14.97,14.98,18675,171,15.0363
2019-05-09T04:00:00Z,14.77,14.88,14.73,14.8117,20522,148,14.8034
2019-05-10T04:00:00Z,14.82,14.89,14.68,14.86,45979,371,14.7885
2019-05-13T04:00:00Z,14.58,14.58,14.28,14.28,59561,495,14.424
2019-05-14T04:00:00Z,14.47,14.55,14.41,14.45,27337,148,14.4615
2019-05-15T04:00:00Z,14.38,14.53,14.36,14.46,10839,103,14.4867
2019-05-16T04:00:00Z,14.42,14.5,14.41,14.42,7756,58,14.4578
2019-05-17T04:00:00Z,14.22,14.4037,14.22,14.26,33029,180,14.276
2019-05-20T04:00:00Z,14.19,14.22,14.15,14.17,7309,45,14.1744
2019-05-21T04:00:00Z,14.22,14.3,14.16,14.21,17428,64,14.2128
2019-05-22T04:00:00Z,14.19,14.22,14.18,14.19,56619,128,14.2093
2019-05-23T04:00:00Z,14.09,14.14,14.09,14.09,24043,248,14.1137
2019-05-24T04:00:00Z,14.15,14.23,14.1,14.11,20879,123,14.1436
2019-05-28T04:00:00Z,14.17,14.2026,14.05,14.05,21709,74,14.1395
2019-05-29T04:00:00Z,14.07,14.1201,14.02,14.08,68552,255,14.068
2019-05-30T04:00:00Z,14.12,14.22,14.1,14.17,60194,244,14.1622
2019-05-31T04:00:00Z,14.06,14.43,14.03,14.28,33526,148,14.156
2019-06-03T04:00:00Z,14.35,14.4318,14.35,14.41,58858,384,14.3786
2019-06-04T04:00:00Z,14.36,14.4258,14.28,14.36,44891,349,14.3386
2019-06-05T04:00:00Z,14.35,14.4017,14.22,14.25,21665,149,14.3216
2019-06-06T04:00:00Z,14.25,14.29,14.229,14.29,33100,164,14.2519
2019-06-07T04:00:00Z,14.38,14.45,14.3317,14.37,14616,105,14.3995
2019-06-10T04:00:00Z,14.45,14.6009,14.426,14.56,30201,216,14.5398
2019-06-11T04:00:00Z,14.74,14.78,14.72,14.73,16145,141,14.7459
2019-06-12T04:00:00Z,14.68,14.75,14.63,14.63,11088,102,14.6813
2019-06-13T04:00:00Z,14.64,14.6565,14.5524,14.6,17171,184,14.6245
2019-06-14T04:00:00Z,14.57,14.57,14.48,14.48,11956,123,14.5134
2019-06-17T04:00:00Z,14.51,14.53,14.4729,14.4729,6026,39,14.5055
2019-06-18T04:00:00Z,14.61,14.7393,14.61,14.69,12324,69,14.6953
2019-06-19T04:00:00Z,14.81,14.84,14.75,14.84,28607,137,14.8076
2019-06-20T04:00:00Z,15.04,15.11,15.04,15.07,26323,189,15.062
2019-06-21T04:00:00Z,14.92,15.09,14.92,15.04,14341,72,15.0056
2019-06-24T04:00:00Z,15,15.09,14.981,15.06,25611,88,15.0375
2019-06-25T04:00:00Z,15.1,15.1,14.95,14.99,24946,177,15.0379
2019-06-26T04:00:00Z,15.04,15.125,15.02,15.08,14085,122,15.0853
2019-06-27T04:00:00Z,15.13,15.21,15.095,15.15,20552,137,15.1248
2019-06-28T04:00:00Z,15.19,15.19,15.1,15.1,22992,124,15.1326
2019-07-01T04:00:00Z,15.21,15.38,15.21,15.25,24008,142,15.2601
2019-07-02T04:00:00Z,15.23,15.3,15.22,15.24,14763,98,15.2387
2019-07-03T04:00:00Z,15.29,15.3,15.22,15.3,14926,106,15.2658
2019-07-05T04:00:00Z,14.98,15.25,14.98,15.25,12301,93,15.2108
2019-07-08T04:00:00Z,15.08,15.24,15.08,15.22,27622,137,15.1379
2019-07-09T04:00:00Z,15.1,15.26,15.1,15.23,17396,124,15.2197
2019-07-10T04:00:00Z,15.3,15.43,15.28,15.37,23853,162,15.331
2019-07-11T04:00:00Z,15.42,15.47,15.364,15.45,32440,231,15.4311
2019-07-12T04:00:00Z,15.44,15.4999,15.4,15.48,29992,195,15.4438
2019-07-15T04:00:00Z,15.49,15.54,15.483,15.5,20001,95,15.4977
2019-07-16T04:00:00Z,15.5,15.58,15.5,15.514,14832,137,15.5272
2019-07-17T04:00:00Z,15.59,15.59,15.49,15.5,17695,88,15.5032
2019-07-18T04:00:00Z,15.48,15.5,15.38,15.4,53546,355,15.4193
2019-07-19T04:00:00Z,15.46,15.49,15.37,15.44,25377,167,15.4181
2019-07-22T04:00:00Z,15.5,15.5,15.39,15.43,17938,104,15.4343
2019-07-23T04:00:00Z,15.43,15.43,15.4,15.4,11016,117,15.416
2019-07-24T04:00:00Z,15.42,15.45,15.34,15.34,31914,233,15.3695
2019-07-25T04:00:00Z,15.39,15.39,15.2263,15.25,30064,199,15.2724
2019-07-26T04:00:00Z,15.3,15.33,15.26,15.27,20760,150,15.2817
2019-07-29T04:00:00Z,15.29,15.34,15.2091,15.3161,22175,161,15.2733
2019-07-30T04:00:00Z,15.25,15.37,15.215,15.27,20264,147,15.2903
2019-07-31T04:00:00Z,15.26,15.33,15.08,15.2,97231,729,15.1698
2019-08-01T04:00:00Z,15.13,15.22,15.13,15.17,127354,635,15.1895
2019-08-02T04:00:00Z,15.08,15.1152,14.95,14.96,17940,162,14.9936
2019-08-05T04:00:00Z,14.74,14.93,14.4186,14.5,68981,631,14.5348
2019-08-06T04:00:00Z,14.72,14.74,14.5319,14.6,90586,571,14.5904
2019-08-07T04:00:00Z,14.47,14.57,14.42,14.56,32414,206,14.5123
2019-08-08T04:00:00Z,14.58,14.63,14.51,14.54,34254,258,14.5708
2019-08-09T04:00:00Z,14.53,14.53,14.36,14.39,34002,242,14.4295
2019-08-12T04:00:00Z,14.28,14.32,14.11,14.17,15416,133,14.2185
2019-08-13T04:00:00Z,14.05,14.3836,14.05,14.31,17991,181,14.303
2019-08-14T04:00:00Z,14.17,14.18,14.06,14.08,25752,178,14.0958
2019-08-15T04:00:00Z,14.01,14.02,13.5501,13.95,155169,658,13.8626
2019-08-16T04:00:00Z,14.16,14.17,14.06,14.12,30281,205,14.1159
2019-08-19T04:00:00Z,14.28,14.31,14.13,14.16,37910,216,14.1961
2019-08-20T04:00:00Z,14.16,14.27,14.16,14.21,16464,126,14.2145
2019-08-21T04:00:00Z,14.38,14.38,14.23,14.27,51703,310,14.2878
2019-08-22T04:00:00Z,14.19,14.19,14.02,14.03,48176,333,14.0853
2019-08-23T04:00:00Z,13.99,14.11,13.8101,13.84,36391,340,13.9575
2019-08-26T04:00:00Z,13.86,13.98,13.86,13.92,40264,420,13.9177
2019-08-27T04:00:00Z,14.05,14.05,13.9,13.94,31486,242,13.9665
2019-08-28T04:00:00Z,13.83,14.03,13.83,13.96,31378,349,13.9383
2019-08-29T04:00:00Z,14.05,14.1,14.0205,14.07,17905,156,14.0691
2019-08-30T04:00:00Z,14.19,14.22,14.08,14.18,30950,199,14.1274
2019-09-03T04:00:00Z,13.95,14.1166,13.95,14.09,36369,251,14.0566
2019-09-04T04:00:00Z,14.19,14.39,14.19,14.37,34155,288,14.3389
2019-09-05T04:00:00Z,14.49,14.5874,14.49,14.52,15714,139,14.5422
2019-09-06T04:00:00Z,14.65,14.66,14.57,14.58,21001,234,14.6068
2019-09-09T04:00:00Z,14.64,14.7,14.62,14.63,21666,237,14.6624
2019-09-10T04:00:00Z,14.64,14.6938,14.63,14.64,16752,195,14.6507
2019-09-11T04:00:00Z,14.63,14.77,14.63,14.65,82691,360,14.677
2019-09-12T04:00:00Z,14.68,14.9,14.68,14.87,90165,735,14.8463
2019-09-13T04:00:00Z,14.9,15.05,14.9,14.91,24578,252,14.967
2019-09-16T04:00:00Z,14.75,14.92,14.75,14.86,49677,397,14.8796
2019-09-17T04:00:00Z,14.68,14.88,14.68,14.76,67976,424,14.7984
2019-09-18T04:00:00Z,14.71,14.793,14.66,14.73,24199,272,14.7451
2019-09-19T04:00:00Z,14.75,14.8099,14.68,14.68,37842,549,14.7421
2019-09-20T04:00:00Z,14.73,14.85,14.73,14.81,24746,252,14.792
2019-09-23T04:00:00Z,14.75,14.88,14.75,14.87,16896,149,14.8394
2019-09-24T04:00:00Z,14.95,14.95,14.72,14.75,18574,238,14.7938
2019-09-25T04:00:00Z,14.65,14.7635,14.57,14.72,52895,350,14.6222
2019-09-26T04:00:00Z,14.67,14.73,14.63,14.64,36185,249,14.6532
2019-09-27T04:00:00Z,14.64,14.67,14.51,14.53,22178,229,14.5727
2019-09-30T04:00:00Z,14.66,14.71,14.61,14.66,20960,247,14.6433
2019-10-01T04:00:00Z,14.62,14.66,14.59,14.6,25832,207,14.6179
2019-10-02T04:00:00Z,14.57,14.57,14.43,14.5,23307,235,14.4739
2019-10-03T04:00:00Z,14.51,14.63,14.45,14.62,25889,194,14.5662
2019-10-04T04:00:00Z,14.63,14.69,14.6,14.67,14295,149,14.6439
2019-10-07T04:00:00Z,14.54,14.621,14.54,14.61,15376,150,14.596
2019-10-08T04:00:00Z,14.54,14.545,14.42,14.48,21768,247,14.489
2019-10-09T04:00:00Z,14.6,14.66,14.53,14.53,20969,142,14.5838
2019-10-10T04:00:00Z,14.57,14.63,14.5,14.59,25719,288,14.577
2019-10-11T04:00:00Z,14.75,14.889,14.75,14.8,13787,211,14.8261
2019-10-14T04:00:00Z,14.81,14.82,14.77,14.78,33107,155,14.7785
2019-10-15T04:00:00Z,14.76,14.9106,14.76,14.86,26569,151,14.8574
2019-10-16T04:00:00Z,14.81,14.92,14.81,14.9,7281,60,14.8812
2019-10-17T04:00:00Z,14.99,15.0123,14.89,14.93,22686,139,14.933
2019-10-18T04:00:00Z,14.93,14.95,14.85,14.88,14244,128,14.8926
2019-10-21T04:00:00Z,15,15,14.91,15,17649,159,14.9492
2019-10-22T04:00:00Z,15,15.05,15,15.02,25852,138,15.0191
2019-10-23T04:00:00Z,14.99,15.03,14.96,15.03,28051,166,14.9811
2019-10-24T04:00:00Z,15.09,15.15,15.01,15.04,31282,204,15.0619
2019-10-25T04:00:00Z,14.98,15.12,14.98,15.08,25788,177,15.062
2019-10-28T04:00:00Z,15.18,15.18,15.03,15.11,52267,331,15.1212
2019-10-29T04:00:00Z,15.02,15.14,15.02,15.09,25390,176,15.0898
2019-10-30T04:00:00Z,15.04,15.18,14.99,15.18,27380,179,15.0689
2019-10-31T04:00:00Z,15.1,15.11,15.01,15.08,33168,245,15.0546
2019-11-01T04:00:00Z,15.24,15.34,15.24,15.27,43938,210,15.2711
2019-11-04T05:00:00Z,15.37,15.4999,15.37,15.42,23569,125,15.4362
2019-11-05T05:00:00Z,15.51,15.56,15.49,15.55,29407,201,15.5271
2019-11-06T05:00:00Z,15.58,15.58,15.45,15.51,37099,306,15.5133
2019-11-07T05:00:00Z,15.6,15.72,15.6,15.67,31026,298,15.6811
2019-11-08T05:00:00Z,15.53,15.64,15.51,15.56,22411,169,15.5646
2019-11-11T05:00:00Z,15.42,15.5,15.1,15.38,84982,473,15.2976
2019-11-12T05:00:00Z,15.32,15.46,15.32,15.39,33720,212,15.3859
2019-11-13T05:00:00Z,15.26,15.5293,15.26,15.36,28809,171,15.3323
2019-11-14T05:00:00Z,15.31,15.56,15.31,15.56,37952,188,15.3955
2019-11-15T05:00:00Z,15.45,15.58,15.45,15.49,16853,107,15.5315
2019-11-18T05:00:00Z,15.44,15.56,15.42,15.52,30283,152,15.473
2019-11-19T05:00:00Z,15.43,15.56,15.43,15.51,39375,245,15.489
2019-11-20T05:00:00Z,15.44,15.555,15.44,15.5,10312,127,15.4699
2019-11-21T05:00:00Z,15.38,15.4,15.32,15.37,48148,231,15.3637
2019-11-22T05:00:00Z,15.43,15.49,15.41,15.47,21318,231,15.4584
2019-11-25T05:00:00Z,15.51,15.62,15.51,15.62,28595,153,15.5554
2019-11-26T05:00:00Z,15.5,15.55,15.5,15.5352,19063,98,15.5267
2019-11-27T05:00:00Z,15.55,15.55,15.53,15.53,21175,130,15.5392
2019-11-29T05:00:00Z,15.41,15.41,15.32,15.36,10969,81,15.3715
2019-12-02T05:00:00Z,15.39,15.39,15.3,15.39,38901,252,15.3459
2019-12-03T05:00:00Z,15.26,15.39,15.25,15.39,28094,136,15.3231
2019-12-04T05:00:00Z,15.47,15.49,15.4202,15.45,9399,85,15.4528
2019-12-05T05:00:00Z,15.41,15.5148,15.405,15.48,26179,182,15.4519
2019-12-06T05:00:00Z,15.55,15.62,15.5191,15.55,27603,214,15.5777
2019-12-09T05:00:00Z,15.5,15.6024,15.5,15.5,21255,122,15.5422
2019-12-10T05:00:00Z,15.5574,15.61,15.5214,15.57,28311,192,15.5763
2019-12-11T05:00:00Z,15.62,15.85,15.62,15.85,40929,286,15.7582
2019-12-12T05:00:00Z,15.86,16.06,15.86,16.05,54694,386,15.9852
2019-12-13T05:00:00Z,15.14,15.1407,14.925,14.99,47409,351,15.0328
2019-12-16T05:00:00Z,15.1,15.1394,15.02,15.13,72666,476,15.0713
2019-12-17T05:00:00Z,15.23,15.39,15.21,15.32,81429,399,15.2628
2019-12-18T05:00:00Z,15.37,15.47,15.32,15.42,38911,274,15.3878
2019-12-19T05:00:00Z,15.41,15.47,15.36,15.38,43566,281,15.4233
2019-12-20T05:00:00Z,15.46,15.53,15.44,15.5,41044,265,15.4852
2019-12-23T05:00:00Z,15.51,15.53,15.41,15.46,47006,287,15.4613
2019-12-24T05:00:00Z,15.46,15.48,15.42,15.45,18048,109,15.4517
2019-12-26T05:00:00Z,15.48,15.5189,15.46,15.47,26424,157,15.4821
2019-12-27T05:00:00Z,15.6,15.64,15.52,15.61,67406,442,15.5893
2019-12-30T05:00:00Z,15.7,15.7,15.46,15.54,73055,456,15.5923
2019-12-31T05:00:00Z,15.67,15.67,15.56,15.59,95055,539,15.6239
2020-01-02T05:00:00Z,15.63,16.7,15.61,16.22,301952,1778,16.0331
2020-01-03T05:00:00Z,15.97,16.12,15.81,15.84,143795,940,15.9147
2020-01-06T05:00:00Z,15.74,15.78,15.63,15.73,43104,300,15.7125
2020-01-07T05:00:00Z,15.67,15.76,15.649,15.72,90919,291,15.7128
2020-01-08T05:00:00Z,15.72,15.94,15.66,15.79,56527,339,15.7568
2020-01-09T05:00:00Z,15.89,15.98,15.86,15.95,29425,172,15.9293
2020-01-10T05:00:00Z,16.01,16.07,15.95,16,44017,264,16.0062
2020-01-13T05:00:00Z,16.13,16.33,16.0364,16.28,44290,291,16.1905
2020-01-14T05:00:00Z,16.22,16.33,16.14,16.31,36741,323,16.225
2020-01-15T05:00:00Z,16.25,16.31,16.22,16.2227,34376,244,16.2641
2020-01-16T05:00:00Z,16.31,16.35,16.265,16.31,54987,333,16.3074
2020-01-17T05:00:00Z,16.3,16.35,16.24,16.29,39286,244,16.3071
2020-01-21T05:00:00Z,16.2,16.23,16.04,16.04,35031,221,16.0997
2020-01-22T05:00:00Z,16.11,16.15,16.07,16.15,43843,237,16.1139
2020-01-23T05:00:00Z,15.98,16,15.81,15.94,54432,293,15.918
2020-01-24T05:00:00Z,15.97,15.97,15.819,15.83,41515,298,15.8605
2020-01-27T05:00:00Z,15.5,15.533,15.33,15.38,64400,427,15.4233
2020-01-28T05:00:00Z,15.4,15.45,15.35,15.41,45704,265,15.4044
2020-01-29T05:00:00Z,15.47,15.58,15.41,15.41,42172,180,15.5063
2020-01-30T05:00:00Z,15.25,15.27,15.12,15.27,36076,283,15.2093
2020-01-31T05:00:00Z,15.19,15.19,14.9725,15.02,70105,335,15.0482
2020-02-03T05:00:00Z,15.03,15.17,15,15.02,73430,421,15.0709
2020-02-04T05:00:00Z,15.26,15.53,15.26,15.41,41448,323,15.4536
2020-02-05T05:00:00Z,15.65,15.65,15.48,15.49,33394,178,15.5501
2020-02-06T05:00:00Z,15.61,15.665,15.5801,15.62,21245,159,15.6234
2020-02-07T05:00:00Z,15.53,15.57,15.42,15.43,67671,318,15.4614
2020-02-10T05:00:00Z,15.45,15.45,15.36,15.45,132994,582,15.4085
2020-02-11T05:00:00Z,15.57,15.68,15.57,15.63,47890,252,15.6374
2020-02-12T05:00:00Z,15.77,15.8605,15.7628,15.86,26043,181,15.8226
2020-02-13T05:00:00Z,15.73,15.75,15.7,15.7,23493,182,15.7246
2020-02-14T05:00:00Z,15.75,15.75,15.66,15.68,18367,166,15.6981
2020-02-18T05:00:00Z,15.49,15.575,15.45,15.51,54608,361,15.4943
2020-02-19T05:00:00Z,15.57,15.68,15.57,15.68,23962,134,15.6353
2020-02-20T05:00:00Z,15.6,15.6,15.41,15.43,46683,263,15.4912
2020-02-21T05:00:00Z,15.36,15.3945,15.269,15.32,52404,255,15.3125
2020-02-24T05:00:00Z,14.54,14.78,14.52,14.68,128355,579,14.6517
2020-02-25T05:00:00Z,14.72,14.836,14.4,14.4,75793,456,14.5944
2020-02-26T05:00:00Z,14.48,14.69,14.48,14.55,44682,402,14.5814
2020-02-27T05:00:00Z,14.41,14.4121,14.2,14.22,78853,639,14.3298
2020-02-28T05:00:00Z,13.97,14.0223,13.65,13.77,99167,640,13.7848
2020-03-02T05:00:00Z,13.81,14.15,13.57,14.14,109973,610,13.8988
2020-03-03T05:00:00Z,14.28,14.4417,14.1207,14.14,50872,270,14.2721
2020-03-04T05:00:00Z,14.19,14.43,14.19,14.37,33306,169,14.3297
2020-03-05T05:00:00Z,14.26,14.35,14.112,14.14,29802,286,14.2209
2020-03-06T05:00:00Z,13.86,13.87,13.7001,13.82,24469,211,13.7751
2020-03-09T04:00:00Z,13.06,13.06,11.72,12.85,224555,1109,12.5709
2020-03-10T04:00:00Z,13.01,13.33,12.92,13.28,78197,414,13.1903
2020-03-11T04:00:00Z,13.13,13.141,12.71,12.78,101331,580,12.9053
2020-03-12T04:00:00Z,11.69,11.79,10.35,11.13,183310,897,11.1808
2020-03-13T04:00:00Z,11.54,11.79,11.24,11.63,85788,488,11.5247
2020-03-16T04:00:00Z,10,10.9402,9.99,10.57,98876,487,10.529
2020-03-17T04:00:00Z,10.68,11.0267,10.58,10.86,99978,606,10.7805
2020-03-18T04:00:00Z,10.12,10.365,9.75,9.9,187634,805,10.0764
2020-03-19T04:00:00Z,9.6,10.1236,9.6,9.96,83223,414,9.82561
2020-03-20T04:00:00Z,10.75,10.75,10.26,10.31,138161,563,10.3895
2020-03-23T04:00:00Z,10,10.067,9.4,9.9,125586,674,9.65283
2020-03-24T04:00:00Z,10.37,10.47,10.05,10.31,157481,904,10.345
2020-03-25T04:00:00Z,10.39,11.13,10.39,10.85,192650,862,10.8392
2020-03-26T04:00:00Z,10.81,11.29,10.81,11.25,85283,516,11.2201
2020-03-27T04:00:00Z,10.86,11.2,10.67,10.9,84698,513,10.9014
2020-03-30T04:00:00Z,10.73,10.97,10.63,10.9,57368,340,10.8506
2020-03-31T04:00:00Z,11.08,11.25,10.9736,11.15,71453,530,11.1556
2020-04-01T04:00:00Z,10.8,10.93,10.7,10.7,105585,494,10.7555
2020-04-02T04:00:00Z,10.6,11.05,10.375,11.04,83287,286,10.7735
2020-04-03T04:00:00Z,11.01,11.03,10.65,10.74,107495,462,10.7681
2020-04-06T04:00:00Z,11.04,11.19,11.04,11.15,106200,655,11.1379
2020-04-07T04:00:00Z,11.42,11.7688,11.42,11.68,143216,738,11.6429
2020-04-08T04:00:00Z,11.61,11.81,11.41,11.79,95959,569,11.6003
2020-04-09T04:00:00Z,11.95,12.1402,11.93,11.93,124556,819,12.0234
2020-04-13T04:00:00Z,11.86,11.94,11.72,11.94,78563,550,11.8426
2020-04-14T04:00:00Z,12.26,12.26,12,12,65589,536,12.1088
2020-04-15T04:00:00Z,11.7,11.79,11.6,11.75,38718,296,11.6897
2020-04-16T04:00:00Z,11.84,11.8983,11.77,11.83,28825,166,11.8128
2020-04-17T04:00:00Z,12.15,12.23,11.89,12.1,79152,464,12.073
2020-04-20T04:00:00Z,12.04,12.11,11.97,12.04,94082,501,12.06
2020-04-21T04:00:00Z,11.88,11.88,11.6,11.69,70535,407,11.6972
2020-04-22T04:00:00Z,11.91,12.06,11.84,11.9,56618,332,11.9295
2020-04-23T04:00:00Z,11.96,12.03,11.91,11.97,34783,179,11.9788
2020-04-24T04:00:00Z,12.01,12.0295,11.82,11.88,29196,190,11.9318
2020-04-27T04:00:00Z,12.02,12.0601,11.83,12.03,93763,545,11.9691
2020-04-28T04:00:00Z,12.07,12.19,12.03,12.09,108208,534,12.0882
2020-04-29T04:00:00Z,12.39,12.48,12.31,12.48,40225,282,12.4097
2020-04-30T04:00:00Z,12.39,12.4584,12.24,12.32,42284,282,12.3179
2020-05-01T04:00:00Z,12.09,12.09,11.915,11.94,109529,380,11.96
2020-05-04T04:00:00Z,12.03,12.03,11.76,11.93,52423,328,11.8729
2020-05-05T04:00:00Z,12.02,12.14,11.98,12.01,19256,157,12.0475
2020-05-06T04:00:00Z,12.12,12.12,11.98,12,64126,417,12.0176
2020-05-07T04:00:00Z,12.09,12.16,11.89,11.89,20969,206,11.9948
2020-05-08T04:00:00Z,12.13,12.19,12.13,12.15,70958,531,12.1649
2020-05-11T04:00:00Z,12.15,12.15,12.08,12.14,33825,190,12.1205
2020-05-12T04:00:00Z,12.12,12.28,12.12,12.19,101975,672,12.198
2020-05-13T04:00:00Z,12.25,12.289,11.99,12.09,30891,289,12.1496
2020-05-14T04:00:00Z,11.96,12.13,11.72,12.13,52405,284,11.9968
2020-05-15T04:00:00Z,12,12.03,11.925,11.98,90752,393,11.9585
2020-05-18T04:00:00Z,12.16,12.38,12.16,12.31,30309,573,12.2866
2020-05-19T04:00:00Z,12.26,12.49,12.26,12.48,95164,911,12.4282
2020-05-20T04:00:00Z,12.61,12.645,12.55,12.58,38113,445,12.6056
2020-05-21T04:00:00Z,12.56,12.59,12.49,12.53,30287,372,12.552
2020-05-22T04:00:00Z,12.38,12.39,12.29,12.36,23249,211,12.3474
2020-05-26T04:00:00Z,12.62,12.7,12.46,12.57,91412,753,12.5677
2020-05-27T04:00:00Z,12.62,12.71,12.52,12.71,46964,372,12.591
2020-05-28T04:00:00Z,12.64,12.74,12.58,12.58,28815,330,12.6853
2020-05-29T04:00:00Z,12.64,12.7,12.527,12.7,97394,612,12.5783
2020-06-01T04:00:00Z,12.69,12.93,12.69,12.82,55908,525,12.8335
2020-06-02T04:00:00Z,12.94,13.13,12.94,13.1,31546,295,13.0575
2020-06-03T04:00:00Z,13.32,13.48,13.31,13.47,60384,531,13.4109
2020-06-04T04:00:00Z,13.5,13.5,13.31,13.45,102681,516,13.4449
2020-06-05T04:00:00Z,13.7,13.89,13.54,13.7991,31963,284,13.7819
2020-06-08T04:00:00Z,13.82,13.95,13.75,13.86,41380,369,13.8244
2020-06-09T04:00:00Z,13.68,13.77,13.66,13.75,39129,176,13.7129
2020-06-10T04:00:00Z,13.72,13.93,13.71,13.87,34120,238,13.7813
2020-06-11T04:00:00Z,13.52,13.5807,13.34,13.34,65727,362,13.3984
2020-06-12T04:00:00Z,13.51,13.555,13.42,13.46,59405,394,13.4906
2020-06-15T04:00:00Z,13.33,13.42,13.1,13.42,33435,196,13.2486
2020-06-16T04:00:00Z,13.69,13.7587,13.36,13.43,41225,390,13.5153
2020-06-17T04:00:00Z,13.47,13.63,13.47,13.5,23544,181,13.5579
2020-06-18T04:00:00Z,13.54,13.62,13.52,13.59,20506,145,13.5666
2020-06-19T04:00:00Z,13.7,13.7,13.6,13.6,11481,115,13.6354
2020-06-22T04:00:00Z,13.65,13.73,13.59,13.66,41203,276,13.6482
2020-06-23T04:00:00Z,13.72,13.87,13.72,13.84,44502,279,13.8259
2020-06-24T04:00:00Z,13.78,13.84,13.72,13.79,44961,268,13.7757
2020-06-25T04:00:00Z,13.8,13.81,13.71,13.785,14242,94,13.755
2020-06-26T04:00:00Z,13.72,13.75,13.68,13.72,25120,119,13.7136
2020-06-29T04:00:00Z,13.65,13.69,13.56,13.58,18764,182,13.6313
2020-06-30T04:00:00Z,13.64,13.73,13.61,13.68,20403,136,13.652
2020-07-01T04:00:00Z,13.65,13.88,13.65,13.86,20980,140,13.7821
2020-07-02T04:00:00Z,14,14.17,14,14.02,18069,147,14.0721
2020-07-06T04:00:00Z,14.38,14.63,14.31,14.38,134707,487,14.4145
2020-07-07T04:00:00Z,14.35,14.43,14.24,14.38,49595,280,14.3588
2020-07-08T04:00:00Z,14.34,14.64,14.34,14.6,80568,348,14.5453
2020-07-09T04:00:00Z,14.85,14.87,14.5,14.64,68643,477,14.7295
2020-07-10T04:00:00Z,14.69,14.69,14.55,14.69,22365,203,14.6337
2020-07-13T04:00:00Z,14.91,14.98,14.65,14.65,54540,441,14.8669
2020-07-14T04:00:00Z,14.46,14.69,14.13,14.69,29248,202,14.5114
2020-07-15T04:00:00Z,14.8,14.86,14.69,14.73,25583,302,14.7242
2020-07-16T04:00:00Z,14.51,14.59,14.49,14.59,16417,123,14.5143
2020-07-17T04:00:00Z,14.65,14.65,14.5,14.54,12131,137,14.566
2020-07-20T04:00:00Z,14.57,14.81,14.57,14.7101,44997,282,14.7391
2020-07-21T04:00:00Z,14.88,15.04,14.88,15.03,36495,360,14.9992
2020-07-22T04:00:00Z,15.09,15.09,14.87,14.95,21968,194,14.9546
2020-07-23T04:00:00Z,14.83,14.98,14.7707,14.79,33819,209,14.8595
2020-07-24T04:00:00Z,14.68,14.8,14.68,14.8,17884,142,14.7485
2020-07-27T04:00:00Z,15.07,15.25,14.92,15.25,176599,1067,15.1923
2020-07-28T04:00:00Z,15.26,15.26,15.07,15.19,32136,308,15.1608
2020-07-29T04:00:00Z,15.24,15.45,15.24,15.38,44466,379,15.3938
2020-07-30T04:00:00Z,15.31,15.33,15.1601,15.33,7279,66,15.2555
2020-07-31T04:00:00Z,15.33,15.3398,15.22,15.27,27943,390,15.2842
2020-08-03T04:00:00Z,15.35,15.35,15.09,15.18,60515,507,15.2186
2020-08-04T04:00:00Z,15.17,15.2916,15.17,15.23,43725,320,15.2578
2020-08-05T04:00:00Z,15.42,15.5434,15.42,15.45,31548,152,15.464
2020-08-06T04:00:00Z,15.5235,15.5633,15.39,15.56,39250,244,15.4607
2020-08-07T04:00:00Z,15.4,15.4987,15.22,15.27,32365,236,15.3022
2020-08-10T04:00:00Z,15.19,15.3317,15.19,15.22,30448,240,15.2873
2020-08-11T04:00:00Z,15.25,15.3709,15.2,15.22,42799,229,15.2709
2020-08-12T04:00:00Z,15.39,15.89,15.13,15.56,36640,225,15.5819
2020-08-13T04:00:00Z,15.6,15.6,15.42,15.42,11292,119,15.4603
2020-08-14T04:00:00Z,15.33,15.35,15.25,15.31,43453,289,15.2942
2020-08-17T04:00:00Z,15.31,15.4399,15.31,15.39,29541,187,15.3746
2020-08-18T04:00:00Z,15.3,15.5,15.3,15.4,45431,274,15.3785
2020-08-19T04:00:00Z,15.43,15.4667,15.25,15.25,63196,303,15.3323
2020-08-20T04:00:00Z,15.15,15.2532,15.06,15.14,44031,289,15.135
2020-08-21T04:00:00Z,15.15,15.1999,15.0201,15.09,46997,351,15.1201
2020-08-24T04:00:00Z,15.28,15.35,15.27,15.31,69891,414,15.2956
2020-08-25T04:00:00Z,15.42,15.5,15.375,15.5,45711,246,15.4273
2020-08-26T04:00:00Z,15.62,15.65,15.53,15.64,36094,237,15.6068
2020-08-27T04:00:00Z,15.62,15.64,15.45,15.62,47823,284,15.5948
2020-08-28T04:00:00Z,15.69,15.7241,15.64,15.7,23811,172,15.6851
2020-08-31T04:00:00Z,15.57,15.57,15.37,15.38,31518,275,15.434
2020-09-01T04:00:00Z,15.32,15.565,15.32,15.51,47934,440,15.4854
2020-09-02T04:00:00Z,15.65,15.65,15.485,15.55,24546,200,15.5565
2020-09-03T04:00:00Z,15.49,15.62,15.43,15.46,32834,285,15.5258
2020-09-04T04:00:00Z,15.44,15.6599,15.33,15.5,15880,149,15.4565
2020-09-08T04:00:00Z,15.35,15.3677,15.04,15.04,48321,342,15.1815
2020-09-09T04:00:00Z,15.24,15.3605,15,15.18,57429,418,15.1554
2020-09-10T04:00:00Z,15.17,15.18,15.07,15.07,55310,410,15.1502
2020-09-11T04:00:00Z,15.2,15.2,15.1,15.11,20949,183,15.1495
2020-09-14T04:00:00Z,15.26,15.34,15.26,15.3,81648,355,15.2936
2020-09-15T04:00:00Z,15.51,15.6397,15.44,15.59,26805,174,15.5609
2020-09-16T04:00:00Z,15.57,15.78,15.53,15.68,27506,190,15.6691
2020-09-17T04:00:00Z,15.56,15.69,15.54,15.69,13322,102,15.5863
2020-09-18T04:00:00Z,15.62,15.65,15.51,15.56,13089,87,15.5924
2020-09-21T04:00:00Z,15.22,15.42,15.17,15.32,12580,95,15.2847
2020-09-22T04:00:00Z,15.3,15.33,15.18,15.28,18418,159,15.2486
2020-09-23T04:00:00Z,15.3,15.3532,15.1876,15.23,20289,490,15.2557
2020-09-24T04:00:00Z,15.06,15.17,14.91,15.08,14167,156,15.0515
2020-09-25T04:00:00Z,15.04,15.08,14.9001,15.08,13172,110,14.9837
2020-09-28T04:00:00Z,15.19,15.27,15.19,15.22,14335,129,15.2376
2020-09-29T04:00:00Z,15.18,15.22,15.15,15.15,14527,118,15.194
2020-09-30T04:00:00Z,15.2,15.38,15.2,15.37,22289,200,15.3181
2020-10-01T04:00:00Z,15.55,15.5524,15.295,15.47,54248,358,15.456
2020-10-02T04:00:00Z,15.37,15.6,15.32,15.4,29661,234,15.387
2020-10-05T04:00:00Z,15.41,15.58,15.2752,15.55,34715,273,15.4667
2020-10-06T04:00:00Z,15.6,15.69,15.1101,15.6,32024,245,15.59
2020-10-07T04:00:00Z,15.66,15.8,15.66,15.8,30682,185,15.7365
2020-10-08T04:00:00Z,15.93,16,15.87,15.97,35664,295,15.9517
2020-10-09T04:00:00Z,16,16.17,15.97,16.06,31248,197,16.0636
2020-10-12T04:00:00Z,16.18,16.23,16.16,16.2,34839,181,16.1942
2020-10-13T04:00:00Z,16.2,16.2,15.76,16.07,22088,162,16.0149
2020-10-14T04:00:00Z,16.02,16.055,15.71,15.83,104349,665,15.8566
2020-10-15T04:00:00Z,15.04,15.68,15.04,15.68,27935,159,15.6228
2020-10-16T04:00:00Z,15.7,15.8,15.64,15.7301,18876,89,15.7127
2020-10-19T04:00:00Z,15.83,15.9144,15.8001,15.82,66327,400,15.8698
2020-10-20T04:00:00Z,15.91,15.9582,15.85,15.85,60096,96,15.9337
2020-10-21T04:00:00Z,16,16.1,15.97,16.05,24269,133,16.0403
2020-10-22T04:00:00Z,16.02,16.09,16.01,16.01,10186,88,16.0508
2020-10-23T04:00:00Z,16.01,16.1299,16.01,16.05,12988,77,16.0532
2020-10-26T04:00:00Z,15.99,16.0243,15.94,16,33933,242,15.9791
2020-10-27T04:00:00Z,16.07,16.1094,16.01,16.09,37819,94,16.0767
2020-10-28T04:00:00Z,15.86,15.91,15.7,15.73,26876,304,15.7927
2020-10-29T04:00:00Z,15.81,15.9,15.79,15.83,13933,77,15.8536
2020-10-30T04:00:00Z,15.77,15.89,15.65,15.89,24691,205,15.7701
2020-11-02T05:00:00Z,15.97,16.02,15.9006,16.02,15983,109,15.9574
2020-11-03T05:00:00Z,16.09,16.09,15.86,15.9,50996,302,15.9513
2020-11-04T05:00:00Z,16.02,16.4765,16.02,16.11,40389,278,16.2247
2020-11-05T05:00:00Z,16.29,16.61,16.28,16.57,25616,132,16.455
2020-11-06T05:00:00Z,16.55,16.74,16.55,16.73,51413,249,16.6415
2020-11-09T05:00:00Z,17,17.147,16.9,16.99,27317,350,17.0324
2020-11-10T05:00:00Z,16.74,16.99,16.5,16.77,33228,246,16.8383
2020-11-11T05:00:00Z,16.73,16.835,16.73,16.73,23412,170,16.7661
2020-11-12T05:00:00Z,16.8,16.9422,16.55,16.63,19777,128,16.7786
2020-11-13T05:00:00Z,16.44,16.85,16.44,16.75,62583,387,16.6719
2020-11-16T05:00:00Z,16.93,17.02,16.82,16.9,33707,175,16.9226
2020-11-17T05:00:00Z,16.73,16.96,16.73,16.93,26682,210,16.8826
2020-11-18T05:00:00Z,16.95,17.02,16.9301,16.98,17728,203,16.9733
2020-11-19T05:00:00Z,16.95,17.07,16.9056,16.98,63191,472,16.9979
2020-11-20T05:00:00Z,17.05,17.2,17.05,17.15,63643,163,17.174
2020-11-23T05:00:00Z,17.32,17.4,17.2,17.32,37257,226,17.3086
2020-11-24T05:00:00Z,17.38,17.53,17.35,17.51,67193,294,17.4263
2020-11-25T05:00:00Z,17.46,17.53,17.4,17.53,11886,225,17.468
2020-11-27T05:00:00Z,17.59,17.88,17.59,17.81,19394,228,17.7343
2020-11-30T05:00:00Z,17.53,17.56,17.37,17.4,41603,426,17.4641
2020-12-01T05:00:00Z,17.72,17.76,17.499,17.72,39956,474,17.6806
2020-12-02T05:00:00Z,17.72,17.75,17.2472,17.68,130345,1000,17.4452
2020-12-03T05:00:00Z,17.71,18.0206,17.71,17.96,49999,468,17.886
2020-12-04T05:00:00Z,18.12,18.32,18.045,18.31,24315,322,18.1384
2020-12-07T05:00:00Z,18.25,18.35,18.1,18.19,34365,333,18.2441
2020-12-08T05:00:00Z,18.25,18.29,18.15,18.28,12778,185,18.2254
2020-12-09T05:00:00Z,18.44,18.44,18.15,18.34,32021,412,18.3248
2020-12-10T05:00:00Z,18.43,18.56,18.25,18.56,39178,382,18.4313
2020-12-11T05:00:00Z,18.56,19.44,18.3501,18.56,33268,383,18.5428
2020-12-14T05:00:00Z,18.4,18.42,17.9506,18.05,56772,404,18.1448
2020-12-15T05:00:00Z,18.08,18.14,17.94,18,29899,313,18.0498
2020-12-16T05:00:00Z,17.95,18.0607,17.915,17.93,61544,450,17.9768
2020-12-17T05:00:00Z,18.03,18.1056,18.03,18.03,45736,270,18.0701
2020-12-18T05:00:00Z,17.95,18.07,17.8,17.9,30805,217,17.9711
2020-12-21T05:00:00Z,17.74,17.845,17.59,17.59,35311,262,17.6874
2020-12-22T05:00:00Z,17.67,17.69,17.475,17.52,22986,226,17.5586
2020-12-23T05:00:00Z,17.66,17.751,17.62,17.72,13968,146,17.7027
2020-12-24T05:00:00Z,17.74,17.7571,17.61,17.6649,11057,87,17.6868
2020-12-28T05:00:00Z,17.67,18.23,17.67,17.85,36425,284,17.861
2020-12-29T05:00:00Z,17.96,18.08,17.96,18.08,45854,301,18.0641
2020-12-30T05:00:00Z,18.16,18.5,18.16,18.49,49356,394,18.3329
2020-12-31T05:00:00Z,18.78,18.78,18.55,18.72,78134,533,18.7182
2021-01-04T05:00:00Z,19.06,19.06,18.76,18.82,86867,622,18.9218
2021-01-05T05:00:00Z,18.85,19.03,18.85,18.99,41613,317,18.9993
2021-01-06T05:00:00Z,18.81,18.98,18.42,18.6,118841,651,18.7388
2021-01-07T05:00:00Z,18.57,18.68,18.45,18.63,75482,642,18.5956
2021-01-08T05:00:00Z,18.88,19.18,18.84,19.18,34810,335,19.0173
2021-01-11T05:00:00Z,19.06,19.18,18.94,19.11,49813,330,19.0931
2021-01-12T05:00:00Z,19.19,19.37,19.18,19.36,35366,277,19.2634
2021-01-13T05:00:00Z,19.28,19.46,19.23,19.44,26997,215,19.3358
2021-01-14T05:00:00Z,19.68,19.72,19.6,19.72,65676,297,19.7102
2021-01-15T05:00:00Z,19.66,19.66,19.5,19.6,19176,197,19.5834
2021-01-19T05:00:00Z,19.91,19.9616,19.74,19.82,41464,298,19.8235
2021-01-20T05:00:00Z,20.16,20.45,20.16,20.45,49243,277,20.3418
2021-01-21T05:00:00Z,20.6,20.74,20.55,20.6,39960,406,20.6161
2021-01-22T05:00:00Z,20.47,20.595,20.335,20.36,128689,318,20.3581
2021-01-25T05:00:00Z,20.43,20.55,20.35,20.4,41493,291,20.4257
2021-01-26T05:00:00Z,20.33,20.3814,20.15,20.2,28337,244,20.2268
2021-01-27T05:00:00Z,19.9,20.11,19.52,19.73,71572,451,19.7246
2021-01-28T05:00:00Z,19.63,19.66,19.35,19.49,66590,560,19.556
2021-01-29T05:00:00Z,19.26,19.486,18.86,18.96,54938,541,19.1053
2021-02-01T05:00:00Z,19.31,19.49,19.21,19.43,39199,405,19.3306
2021-02-02T05:00:00Z,19.64,19.84,19.58,19.7,73807,538,19.6977
2021-02-03T05:00:00Z,19.83,19.892,19.77,19.8,25980,248,19.8294
2021-02-04T05:00:00Z,19.79,19.87,19.67,19.87,35997,187,19.7335
2021-02-05T05:00:00Z,19.92,20,19.88,20,24720,206,19.9327
2021-02-08T05:00:00Z,19.98,20.1,19.84,20.07,43928,276,20.0271
2021-02-09T05:00:00Z,20.1,20.35,20.08,20.27,24636,206,20.2658
2021-02-10T05:00:00Z,20.46,20.59,20.27,20.33,13739,159,20.3816
2021-02-11T05:00:00Z,20.51,20.6122,20.42,20.54,26804,251,20.564
2021-02-12T05:00:00Z,20.54,20.56,20.49,20.54,13669,207,20.5287
2021-02-16T05:00:00Z,20.69,20.75,20.55,20.6,22239,209,20.6435
2021-02-17T05:00:00Z,20.66,20.96,20.615,20.95,54664,481,20.7821
2021-02-18T05:00:00Z,20.83,20.8426,20.5311,20.74,26035,201,20.6951
2021-02-19T05:00:00Z,20.91,20.9599,20.86,20.9,47409,338,20.9049
2021-02-22T05:00:00Z,20.53,20.53,20.28,20.345,33242,332,20.4301
2021-02-23T05:00:00Z,20.27,20.27,19.79,20.105,51918,517,20.0738
2021-02-24T05:00:00Z,19.93,20.06,19.6558,20,17457,192,19.9388
2021-02-25T05:00:00Z,20.09,20.17,19.8,19.82,26881,296,19.9806
2021-02-26T05:00:00Z,19.75,19.78,19.41,19.67,40922,343,19.6368
2021-03-01T05:00:00Z,19.91,20.18,19.91,20.05,29314,240,20.0514
2021-03-02T05:00:00Z,20.04,20.04,19.87,19.93,14830,137,19.9276
2021-03-03T05:00:00Z,20.07,20.12,19.84,19.84,36540,315,20.0021
2021-03-04T05:00:00Z,19.77,19.84,19.41,19.43,38844,474,19.5641
2021-03-05T05:00:00Z,19.55,19.59,19.38,19.57,22530,155,19.5263
2021-03-08T05:00:00Z,19.44,19.49,19.21,19.23,38239,279,19.3314
2021-03-09T05:00:00Z,19.33,19.6999,19.33,19.63,25161,208,19.4725
2021-03-10T05:00:00Z,19.71,19.74,19.51,19.55,34073,252,19.589
2021-03-11T05:00:00Z,19.95,19.95,19.86,19.9,27311,345,19.9031
2021-03-12T05:00:00Z,19.57,19.71,19.57,19.63,17449,145,19.6169
2021-03-15T04:00:00Z,19.46,19.54,19.4,19.51,35891,234,19.4707
2021-03-16T04:00:00Z,19.51,19.65,19.51,19.63,17799,105,19.6124
2021-03-17T04:00:00Z,19.51,19.76,19.35,19.74,26519,168,19.4992
2021-03-18T04:00:00Z,19.56,19.67,19.5,19.54,45207,301,19.5855
2021-03-19T04:00:00Z,19.54,19.54,19.2,19.39,31390,206,19.3825
2021-03-22T04:00:00Z,19.3,19.45,19.2801,19.32,31809,219,19.3507
2021-03-23T04:00:00Z,19.18,19.19,18.9,18.92,35391,238,19.0595
2021-03-24T04:00:00Z,18.93,18.93,18.7,18.74,35252,227,18.7946
2021-03-25T04:00:00Z,18.62,18.69,18.53,18.63,42363,243,18.642
2021-03-26T04:00:00Z,18.73,18.99,18.73,18.98,35757,305,18.8715
2021-03-29T04:00:00Z,18.81,18.96,18.7401,18.84,19441,153,18.8666
2021-03-30T04:00:00Z,18.8,19.04,18.8,19.03,40649,294,18.912
2021-03-31T04:00:00Z,18.92,19.19,18.92,19.1,40985,237,19.0723
2021-04-01T04:00:00Z,19.23,19.38,19.15,19.35,45383,374,19.2789
2021-04-05T04:00:00Z,19.47,19.5169,19.4,19.44,27229,208,19.4599
2021-04-06T04:00:00Z,19.44,19.6,19.44,19.59,10546,92,19.5396
2021-04-07T04:00:00Z,19.47,19.47,19.243,19.33,40280,312,19.3482
2021-04-08T04:00:00Z,19.43,19.51,19.3,19.49,17939,161,19.4692
2021-04-09T04:00:00Z,19.31,19.31,19.245,19.27,17804,122,19.2791
2021-04-12T04:00:00Z,19.11,19.1748,19.02,19.09,41145,326,19.1105
2021-04-13T04:00:00Z,19.05,19.39,19.0432,19.22,24062,138,19.2513
2021-04-14T04:00:00Z,19.25,19.5,19.25,19.34,30127,223,19.3949
2021-04-15T04:00:00Z,19.5,19.61,19.4713,19.54,15099,151,19.5399
2021-04-16T04:00:00Z,19.63,19.72,19.55,19.64,12481,144,19.6499
2021-04-19T04:00:00Z,19.58,19.58,19.57,19.57,461,1,19.58
2021-04-20T04:00:00Z,19.51,19.73,19.24,19.31,41299,307,19.4197
2021-04-21T04:00:00Z,19.3,19.51,19.3,19.5,7829,65,19.4417
2021-04-22T04:00:00Z,19.53,19.53,19.3224,19.36,7743,90,19.3906
2021-04-23T04:00:00Z,19.56,19.82,19.54,19.77,26898,242,19.6996
2021-04-26T04:00:00Z,19.81,19.84,19.3661,19.84,31675,139,19.778
2021-04-27T04:00:00Z,19.88,19.88,19.77,19.8,30836,197,19.8189
2021-04-28T04:00:00Z,19.81,19.89,19.78,19.85,21963,185,19.8463
2021-04-29T04:00:00Z,19.87,19.8843,19.69,19.82,24163,195,19.8046
2021-04-30T04:00:00Z,19.72,19.769,19.5818,19.65,14223,124,19.6715
2021-05-03T04:00:00Z,19.63,19.69,19.492,19.6,102397,444,19.6457
2021-05-04T04:00:00Z,19.51,19.58,19.45,19.48,36658,342,19.482
2021-05-05T04:00:00Z,19.6,19.7183,19.54,19.63,12087,96,19.6076
2021-05-06T04:00:00Z,19.64,19.84,19.64,19.74,24276,178,19.7287
2021-05-07T04:00:00Z,19.8,19.93,19.75,19.75,37462,236,19.8563
2021-05-10T04:00:00Z,19.71,19.719,19.49,19.57,16412,139,19.6032
2021-05-11T04:00:00Z,19.17,19.3827,19.06,19.35,21968,191,19.3052
2021-05-12T04:00:00Z,19.09,19.15,18.83,18.83,15774,165,18.9595
2021-05-13T04:00:00Z,18.9,19.065,18.79,18.83,17190,126,18.8703
2021-05-14T04:00:00Z,18.98,19.134,18.98,19.1,5430,60,19.0953
2021-05-17T04:00:00Z,18.98,19.08,18.98,19.04,19823,122,19.0306
2021-05-18T04:00:00Z,19.33,19.47,19.25,19.39,20197,87,19.3987
2021-05-19T04:00:00Z,19.07,19.47,19.07,19.38,54837,287,19.3095
2021-05-20T04:00:00Z,19.32,19.4,19.32,19.4,37042,218,19.3633
2021-05-21T04:00:00Z,19.47,19.47,19.27,19.34,32013,207,19.3508
2021-05-24T04:00:00Z,19.37,19.44,19.362,19.38,15750,103,19.4053
2021-05-25T04:00:00Z,19.54,19.82,19.395,19.635,19960,143,19.6762
2021-05-26T04:00:00Z,19.65,19.76,19.63,19.72,40187,144,19.6626
2021-05-27T04:00:00Z,19.76,19.8092,19.71,19.77,20460,120,19.7515
2021-05-28T04:00:00Z,19.72,19.885,19.72,19.78,38831,146,19.8193
2021-06-01T04:00:00Z,20.17,20.24,20.0221,20.2,40242,285,20.1804
2021-06-02T04:00:00Z,20.16,20.26,20.15,20.26,25800,134,20.1986
2021-06-03T04:00:00Z,20.07,20.1485,19.997,20.06,17726,77,20.0504
2021-06-04T04:00:00Z,20.21,20.21,20.1305,20.17,34904,149,20.1858
2021-06-07T04:00:00Z,20.15,20.21,20.0604,20.08,22923,158,20.123
2021-06-08T04:00:00Z,20.19,20.19,19.91,19.96,26111,119,20.076
2021-06-09T04:00:00Z,19.99,19.99,19.83,19.89,26214,146,19.9171
2021-06-10T04:00:00Z,19.93,20.18,19.875,19.89,29917,170,19.9669
2021-06-11T04:00:00Z,19.92,19.9867,19.8647,19.9,21141,101,19.9107
2021-06-14T04:00:00Z,19.92,20,19.75,19.93,19084,192,19.9254
2021-06-15T04:00:00Z,19.86,19.9798,19.83,19.97,12088,113,19.8865
2021-06-16T04:00:00Z,19.95,19.95,19.63,19.6684,15485,121,19.8124
2021-06-17T04:00:00Z,19.76,19.77,19.6895,19.74,25381,145,19.7304
2021-06-18T04:00:00Z,19.58,19.58,19.47,19.51,28559,253,19.5254
2021-06-21T04:00:00Z,19.48,19.57,19.01,19.57,27057,203,19.4698
2021-06-22T04:00:00Z,19.37,19.435,19.1166,19.4139,17603,173,19.3956
2021-06-23T04:00:00Z,19.45,19.66,19.45,19.57,14350,113,19.5342
2021-06-24T04:00:00Z,19.72,19.84,19.58,19.83,24349,202,19.7398
2021-06-25T04:00:00Z,20.02,20.02,19.7206,19.79,53688,272,19.7999
2021-06-28T04:00:00Z,19.85,19.89,19.79,19.89,21845,165,19.839
2021-06-29T04:00:00Z,19.81,19.97,19.69,19.97,25896,249,19.8324
2021-06-30T04:00:00Z,19.79,19.85,19.75,19.79,19406,133,19.8051
2021-07-01T04:00:00Z,19.82,19.85,19.61,19.715,21997,113,19.7155
2021-07-02T04:00:00Z,19.67,19.67,19.5401,19.6298,12622,147,19.6026
2021-07-06T04:00:00Z,19.57,19.62,19.17,19.32,52193,310,19.3117
2021-07-07T04:00:00Z,19.35,19.3559,19.2,19.2614,19872,183,19.2812
2021-07-08T04:00:00Z,18.97,18.97,18.79,18.9,25711,210,18.9011
2021-07-09T04:00:00Z,18.98,19.222,18.98,19.16,15859,126,19.125
2021-07-12T04:00:00Z,19.13,19.1504,19.05,19.1,26747,219,19.0974
2021-07-13T04:00:00Z,19.08,19.26,19.08,19.2292,23936,96,19.2051
2021-07-14T04:00:00Z,19.4,19.4,19.225,19.29,11277,141,19.2949
2021-07-15T04:00:00Z,19.35,19.46,19.26,19.31,9380,77,19.3424
2021-07-16T04:00:00Z,19.38,19.38,19.08,19.12,11009,83,19.1844
2021-07-19T04:00:00Z,18.78,18.8499,18.67,18.69,22513,154,18.7623
2021-07-20T04:00:00Z,18.62,18.77,18.62,18.68,39888,262,18.7
2021-07-21T04:00:00Z,18.72,18.82,18.67,18.74,40993,248,18.7408
2021-07-22T04:00:00Z,18.78,18.91,18.75,18.7751,26144,163,18.7877
2021-07-23T04:00:00Z,18.64,18.64,18.37,18.45,32668,215,18.4567
2021-07-26T04:00:00Z,18.18,18.272,16.95,17.89,155354,886,17.7699
2021-07-27T04:00:00Z,17.52,17.55,17.27,17.44,83130,525,17.3897
2021-07-28T04:00:00Z,17.63,18.1269,17.63,17.76,174671,761,17.7703
2021-07-29T04:00:00Z,17.88,17.96,17.86,17.92,100347,522,17.8958
2021-07-30T04:00:00Z,17.8,17.86,17.7,17.76,72188,447,17.7897
2021-08-02T04:00:00Z,17.81,18.05,17.81,17.96,65578,362,17.9711
2021-08-03T04:00:00Z,17.98,18.02,17.75,18.02,24915,197,17.9409
2021-08-04T04:00:00Z,18.07,18.15,18.03,18.05,12095,78,18.0619
2021-08-05T04:00:00Z,18.1,18.1,18.0296,18.04,43328,388,18.0615
2021-08-06T04:00:00Z,17.98,18.024,17.97,17.99,76598,555,17.9881
2021-08-09T04:00:00Z,18.05,18.14,18.0206,18.1,25377,240,18.1002
2021-08-10T04:00:00Z,18.17,18.17,18.14,18.15,33466,227,18.149
2021-08-11T04:00:00Z,18.16,18.25,18.09,18.23,35968,239,18.1731
2021-08-12T04:00:00Z,18.16,18.22,18.0821,18.16,41109,178,18.1482
2021-08-13T04:00:00Z,18.07,18.07,17.95,18.02,26745,124,18.0022
2021-08-16T04:00:00Z,17.82,17.872,17.8,17.87,22726,126,17.8203
2021-08-17T04:00:00Z,17.58,17.745,17.47,17.48,34250,240,17.5311
2021-08-18T04:00:00Z,17.5,17.61,16.71,17.41,56076,427,17.4642
2021-08-19T04:00:00Z,17.18,17.18,17.01,17.045,81009,414,17.0535
2021-08-20T04:00:00Z,16.93,17.06,16.93,16.98,23637,241,16.9936
2021-08-23T04:00:00Z,17.03,17.17,17.03,17.15,70273,363,17.1366
2021-08-24T04:00:00Z,17.31,17.62,17.31,17.51,44550,273,17.539
2021-08-25T04:00:00Z,17.59,17.62,17.54,17.61,56440,325,17.5754
2021-08-26T04:00:00Z,17.54,17.57,17.34,17.35,39043,265,17.464
2021-08-27T04:00:00Z,17.44,17.6092,17.38,17.6,29056,211,17.5382
2021-08-30T04:00:00Z,17.6,17.68,17.58,17.59,13076,93,17.6328
2021-08-31T04:00:00Z,17.71,17.91,17.71,17.89,13791,83,17.8648
2021-09-01T04:00:00Z,18.05,18.31,18.05,18.25,36075,205,18.1858
2021-09-02T04:00:00Z,18.11,18.24,18.11,18.19,25558,190,18.1688
2021-09-03T04:00:00Z,18.13,18.2915,18.13,18.23,13891,78,18.2331
2021-09-07T04:00:00Z,18.25,18.44,18.25,18.38,10815,96,18.3834
2021-09-08T04:00:00Z,18.28,18.28,18.12,18.12,22530,188,18.1466
2021-09-09T04:00:00Z,18.06,18.06,17.75,17.96,13752,144,17.9432
2021-09-10T04:00:00Z,18.05,18.265,17.98,17.98,13432,102,18.1126
2021-09-13T04:00:00Z,18.01,18.1,17.9104,17.96,27494,264,18.0153
2021-09-14T04:00:00Z,17.99,17.99,17.77,17.81,14938,136,17.853
2021-09-15T04:00:00Z,17.75,17.76,17.66,17.76,12645,103,17.7072
2021-09-16T04:00:00Z,17.51,17.7198,17.51,17.7,13625,107,17.6407
2021-09-17T04:00:00Z,17.68,17.6899,17.52,17.65,15915,131,17.608
2021-09-20T04:00:00Z,17.22,17.22,16.97,17.03,102494,652,17.06
2021-09-21T04:00:00Z,17.24,17.34,17.225,17.24,30835,238,17.2733
2021-09-22T04:00:00Z,17.35,17.63,17.35,17.49,41111,194,17.4703
2021-09-23T04:00:00Z,17.45,17.5832,17.45,17.53,21646,111,17.5364
2021-09-24T04:00:00Z,17.49,17.49,17.33,17.35,28794,142,17.4194
2021-09-27T04:00:00Z,17.41,17.44,17.31,17.36,54486,230,17.3742
2021-09-28T04:00:00Z,17.2601,17.2601,17.17,17.18,6814,50,17.2177
2021-09-29T04:00:00Z,17.09,17.14,16.8,16.85,67319,200,16.9585
2021-09-30T04:00:00Z,17.1,17.1345,16.92,16.97,19209,121,17.0389
2021-10-01T04:00:00Z,16.88,17.03,16.79,17.01,27661,151,16.8958
2021-10-04T04:00:00Z,16.87,16.88,16.75,16.82,40307,323,16.8031
2021-10-05T04:00:00Z,16.78,16.87,16.78,16.84,57325,214,16.8231
2021-10-06T04:00:00Z,16.52,16.8,15.88,16.64,80017,414,16.3203
2021-10-07T04:00:00Z,16.88,17.08,16.88,17.03,15510,106,16.9776
2021-10-08T04:00:00Z,17.11,17.15,17.08,17.12,10795,136,17.1072
2021-10-11T04:00:00Z,17.19,17.2787,17.17,17.18,33861,190,17.2037
2021-10-12T04:00:00Z,17.18,17.18,16.95,17,8658,52,17.1004
2021-10-13T04:00:00Z,17.06,17.27,17.06,17.2,21889,93,17.1549
2021-10-14T04:00:00Z,17.35,17.35,17.25,17.28,49337,386,17.2777
2021-10-15T04:00:00Z,17.51,17.79,17.48,17.71,60091,335,17.582
2021-10-18T04:00:00Z,17.69,17.7237,17.6368,17.7,46172,184,17.7042
2021-10-19T04:00:00Z,17.8,17.9419,17.8,17.87,28081,145,17.8996
2021-10-20T04:00:00Z,17.9,18.07,17.9,18.04,19765,151,18.0108
2021-10-21T04:00:00Z,17.97,18,17.94,17.97,24299,163,17.9592
2021-10-22T04:00:00Z,18.02,18.12,17.4128,17.76,25005,158,17.8881
2021-10-25T04:00:00Z,17.9,18.01,17.9,17.98,16273,80,17.9306
2021-10-26T04:00:00Z,18.1,18.1,17.98,17.99,21941,186,18.0097
2021-10-27T04:00:00Z,17.91,17.9821,17.84,17.87,21046,146,17.9114
2021-10-28T04:00:00Z,17.87,17.97,17.77,17.92,31561,202,17.8875
2021-10-29T04:00:00Z,17.74,17.75,17.62,17.62,14496,132,17.6789
2021-11-01T04:00:00Z,17.65,17.9241,17.65,17.86,13549,85,17.7648
2021-11-02T04:00:00Z,17.72,17.72,17.61,17.62,29337,180,17.6363
2021-11-03T04:00:00Z,17.55,17.67,17.5,17.64,11925,98,17.5383
2021-11-04T04:00:00Z,17.63,17.67,17.63,17.65,6356,44,17.6391
2021-11-05T04:00:00Z,17.71,17.71,17.57,17.6,12091,67,17.6118
2021-11-08T05:00:00Z,17.6701,17.79,17.63,17.68,20655,212,17.6857
2021-11-09T05:00:00Z,17.75,17.82,17.6753,17.75,47332,256,17.743
2021-11-10T05:00:00Z,17.76,17.86,17.615,17.63,17052,137,17.6621
2021-11-11T05:00:00Z,17.83,17.9,17.78,17.82,7436,73,17.8655
2021-11-12T05:00:00Z,17.86,17.9,17.818,17.89,28863,80,17.8738
2021-11-15T05:00:00Z,17.9,17.9303,17.81,17.81,7525,66,17.8786
2021-11-16T05:00:00Z,17.83,17.87,17.78,17.8,6505,62,17.8264
2021-11-17T05:00:00Z,17.77,17.77,17.7,17.72,31492,158,17.7284
2021-11-18T05:00:00Z,17.57,17.57,17.48,17.53,23055,133,17.5176
2021-11-19T05:00:00Z,17.51,17.61,17.48,17.49,10264,93,17.5426
2021-11-22T05:00:00Z,17.44,17.7136,17.0601,17.43,6168,86,17.428
2021-11-23T05:00:00Z,17.38,17.4,17.185,17.2,30403,204,17.2437
2021-11-24T05:00:00Z,17.1,17.17,17.08,17.17,61663,242,17.1086
2021-11-26T05:00:00Z,16.63,16.85,16.5,16.67,37614,232,16.6665
2021-11-29T05:00:00Z,16.85,16.85,16.6,16.73,35393,247,16.6874
2021-11-30T05:00:00Z,16.61,16.7494,16.47,16.67,33304,246,16.5786
2021-12-01T05:00:00Z,16.84,17.04,16.353,16.73,78822,359,16.8359
2021-12-02T05:00:00Z,16.87,17.005,16.83,16.87,47442,243,16.8965
2021-12-03T05:00:00Z,16.91,16.91,16.6,16.7,34911,291,16.7575
2021-12-06T05:00:00Z,16.66,16.75,16.62,16.74,26444,168,16.7124
2021-12-07T05:00:00Z,16.98,17.03,16.98,17.03,24360,132,17.0129
2021-12-08T05:00:00Z,17.05,17.19,17.01,17.1,19150,175,17.1215
2021-12-09T05:00:00Z,16.99,17.1,16.99,17.02,13496,113,17.0453
2021-12-10T05:00:00Z,17.05,17.1,16.89,16.97,32578,176,16.9943
2021-12-13T05:00:00Z,16.88,16.9148,16.71,16.73,31153,221,16.7613
2021-12-14T05:00:00Z,15.62,15.62,15.33,15.55,96989,496,15.476
2021-12-15T05:00:00Z,15.41,15.61,15.4,15.57,69076,447,15.4458
2021-12-16T05:00:00Z,15.78,15.78,15.7,15.77,48591,317,15.7236
2021-12-17T05:00:00Z,15.57,15.69,15.51,15.64,22565,191,15.6232
2021-12-20T05:00:00Z,15.38,15.58,15.3,15.34,45277,388,15.3558
2021-12-21T05:00:00Z,15.49,15.58,15.44,15.56,39374,184,15.5133
2021-12-22T05:00:00Z,15.53,15.7034,15.53,15.63,29916,148,15.6266
2021-12-23T05:00:00Z,15.65,15.94,15.65,15.86,42010,234,15.8287
2021-12-27T05:00:00Z,15.79,15.94,15.7802,15.89,59366,187,15.8743
2021-12-28T05:00:00Z,15.92,16,15.92,15.99,36065,193,15.9609
2021-12-29T05:00:00Z,15.99,16.4,15.92,16.29,149834,1041,16.1483
2021-12-30T05:00:00Z,16.21,16.254,15.82,15.98,136241,785,15.9811
2021-12-31T05:00:00Z,16.16,16.16,16,16.04,107627,413,16.1027
2022-01-03T05:00:00Z,16.24,16.56,16.1,16.3,160532,791,16.3182
2022-01-04T05:00:00Z,16.36,16.36,16.17,16.185,24354,171,16.2511
2022-01-05T05:00:00Z,16.08,16.172,15.81,15.81,36860,290,16.0432
2022-01-06T05:00:00Z,15.78,15.9744,15.78,15.82,25996,218,15.8475
2022-01-07T05:00:00Z,15.89,16.075,15.89,16.01,14633,230,15.9928
2022-01-10T05:00:00Z,16.01,16.09,15.9045,16.08,22601,242,15.9881
2022-01-11T05:00:00Z,16.1,16.42,16.1,16.4,21893,183,16.3587
2022-01-12T05:00:00Z,16.56,16.88,16.56,16.66,26237,232,16.6662
2022-01-13T05:00:00Z,16.62,16.62,16.4,16.4,19544,276,16.5575
2022-01-14T05:00:00Z,16.24,16.39,16.2,16.3,29792,252,16.2912
2022-01-18T05:00:00Z,16,16.07,15.6966,15.95,32288,336,15.9872
2022-01-19T05:00:00Z,16.04,16.17,16.02,16.06,18923,108,16.0579
2022-01-20T05:00:00Z,16.29,16.39,16.09,16.23,16594,163,16.2699
2022-01-21T05:00:00Z,16.13,16.13,15.9,15.92,55772,348,15.9275
2022-01-24T05:00:00Z,15.85,15.85,15.525,15.79,89779,780,15.6505
2022-01-25T05:00:00Z,15.61,15.6971,15.45,15.45,29581,275,15.5488
2022-01-26T05:00:00Z,15.53,15.64,15.39,15.42,36165,275,15.497
2022-01-27T05:00:00Z,15.35,15.36,15.23,15.27,38758,309,15.2786
2022-01-28T05:00:00Z,15.27,15.42,15.26,15.38,39263,320,15.3258
2022-01-31T05:00:00Z,15.46,15.96,15.46,15.85,15294,173,15.8415
2022-02-01T05:00:00Z,15.94,16.05,15.88,16.05,19876,249,15.9793
2022-02-02T05:00:00Z,16.07,16.07,15.8604,15.89,33654,490,15.9191
2022-02-03T05:00:00Z,15.77,15.83,15.645,15.66,19665,195,15.6985
2022-02-04T05:00:00Z,15.65,15.775,15.65,15.75,20038,259,15.7024
2022-02-07T05:00:00Z,15.78,15.853,15.6,15.73,19737,183,15.7075
2022-02-08T05:00:00Z,15.66,15.83,15.66,15.78,25495,248,15.7577
2022-02-09T05:00:00Z,15.94,16.0887,15.9,15.99,19175,158,15.9942
2022-02-10T05:00:00Z,15.87,16.14,15.87,16.07,21979,301,16.0446
2022-02-11T05:00:00Z,16.01,16.08,15.89,15.9,44707,367,15.989
2022-02-14T05:00:00Z,15.87,15.87,15.56,15.65,16726,251,15.6514
2022-02-15T05:00:00Z,15.75,15.99,15.65,15.91,40261,284,15.8993
2022-02-16T05:00:00Z,15.87,16.075,15.87,16,22283,196,15.9892
2022-02-17T05:00:00Z,15.97,15.97,15.7696,15.86,34051,317,15.8664
2022-02-18T05:00:00Z,15.77,15.77,15.65,15.755,35602,247,15.7257
2022-02-22T05:00:00Z,15.63,15.63,15.31,15.37,25806,280,15.3826
2022-02-23T05:00:00Z,15.4,15.69,15.25,15.26,92275,812,15.2867
2022-02-24T05:00:00Z,14.64,14.96,14.42,14.96,60026,406,14.5297
2022-02-25T05:00:00Z,14.93,15.0978,14.81,15.09,40575,229,14.9322
2022-02-28T05:00:00Z,14.78,14.89,14.73,14.85,37962,245,14.8108
2022-03-01T05:00:00Z,14.79,14.8399,14.41,14.46,11952,130,14.5695
2022-03-02T05:00:00Z,14.41,14.4293,14.08,14.28,41539,423,14.3262
2022-03-03T05:00:00Z,14.14,14.42,14.015,14.03,29884,283,14.1174
2022-03-04T05:00:00Z,13.79,13.99,13.52,13.59,49760,339,13.6123
2022-03-07T05:00:00Z,13.12,13.47,12.88,12.9,53941,378,13.0807
2022-03-08T05:00:00Z,12.81,12.88,12.81,12.88,2849,5,12.8132
2022-03-09T05:00:00Z,12.96,13.2,12.96,13.15,34500,284,13.162
2022-03-10T05:00:00Z,13.08,13.17,13.01,13.07,47704,421,13.0591
2022-03-11T05:00:00Z,13.13,13.1409,12.9,12.94,43641,404,12.9574
2022-03-14T04:00:00Z,12.78,12.82,12.685,12.69,48362,472,12.7214
2022-03-15T04:00:00Z,12.51,12.78,12.35,12.5,45453,463,12.5482
2022-03-16T04:00:00Z,12.85,13.38,12.85,13.34,87958,614,13.1461
2022-03-17T04:00:00Z,13.27,13.48,13.2469,13.45,93387,530,13.3602
2022-03-18T04:00:00Z,13.47,13.8157,13.36,13.68,32199,257,13.6458
2022-03-21T04:00:00Z,13.65,13.72,13.38,13.49,74737,384,13.5099
2022-03-22T04:00:00Z,13.59,13.8309,13.59,13.72,30942,201,13.7178
2022-03-23T04:00:00Z,13.63,13.78,13.59,13.68,25318,145,13.6964
2022-03-24T04:00:00Z,13.64,13.74,13.61,13.72,16718,156,13.6765
2022-03-25T04:00:00Z,13.67,13.67,13.6,13.6,21398,129,13.6213
2022-03-28T04:00:00Z,13.55,13.74,13.55,13.72,25625,203,13.652
2022-03-29T04:00:00Z,13.86,13.9756,13.8587,13.97,19284,151,13.9266
2022-03-30T04:00:00Z,13.95,14.05,13.8,13.97,24258,238,13.9819
2022-03-31T04:00:00Z,13.83,13.92,13.71,13.75,43388,417,13.7904
2022-04-01T04:00:00Z,13.81,13.95,13.76,13.88,35940,328,13.8729
2022-04-04T04:00:00Z,13.92,14.065,13.92,14.03,35204,338,14.0259
2022-04-05T04:00:00Z,13.98,13.98,13.7,13.74,28912,338,13.8029
2022-04-06T04:00:00Z,13.58,13.6,13.455,13.54,40048,349,13.5013
2022-04-07T04:00:00Z,13.5,13.51,13.45,13.5,16957,135,13.4607
2022-04-08T04:00:00Z,13.48,13.55,13.46,13.47,28352,112,13.482
2022-04-11T04:00:00Z,13.38,13.38,13.1,13.16,39471,320,13.2216
2022-04-12T04:00:00Z,13.34,13.34,13.04,13.07,28454,220,13.1793
2022-04-13T04:00:00Z,13.09,13.24,12.9898,13.21,31524,292,13.2059
2022-04-14T04:00:00Z,13.21,13.21,13,13,18539,192,13.1094
2022-04-18T04:00:00Z,12.98,12.98,12.83,12.93,27556,225,12.908
2022-04-19T04:00:00Z,12.85,12.8899,12.81,12.87,28250,157,12.8509
2022-04-20T04:00:00Z,12.84,12.9,12.8,12.82,26609,225,12.8542
2022-04-21T04:00:00Z,12.89,12.89,12.67,12.68,18680,167,12.7309
2022-04-22T04:00:00Z,12.67,12.7415,12.55,12.61,20646,181,12.6195
2022-04-25T04:00:00Z,12.4,12.4235,12.27,12.37,49096,359,12.3569
2022-04-26T04:00:00Z,12.35,12.35,12.1201,12.15,17393,176,12.2182
2022-04-27T04:00:00Z,12.17,12.26,12.13,12.18,20402,152,12.1743
2022-04-28T04:00:00Z,12.33,12.35,12.13,12.27,57789,333,12.2336
2022-04-29T04:00:00Z,12.42,12.65,12.32,12.32,14065,104,12.4631
2022-05-02T04:00:00Z,12.35,12.46,12.275,12.38,46132,388,12.333
2022-05-03T04:00:00Z,12.39,12.5,12.2,12.42,15589,193,12.4146
2022-05-04T04:00:00Z,12.39,12.5,11.9,12.43,45761,374,12.3263
2022-05-05T04:00:00Z,12.35,12.35,12.17,12.17,46183,397,12.2446
2022-05-06T04:00:00Z,12.1,12.1,11.89,11.9,64420,440,11.9495
2022-05-09T04:00:00Z,11.75,11.83,11.69,11.72,70297,489,11.7252
2022-05-10T04:00:00Z,11.81,11.85,11.67,11.77,31800,262,11.7325
2022-05-11T04:00:00Z,11.89,12.2,11.79,11.79,21081,206,11.9579
2022-05-12T04:00:00Z,11.68,11.82,11.5,11.62,31110,206,11.6216
2022-05-13T04:00:00Z,11.69,12.1399,11.69,11.99,27962,206,11.9357
2022-05-16T04:00:00Z,11.96,11.96,11.81,11.84,21060,216,11.8837
2022-05-17T04:00:00Z,12.07,12.1836,12.07,12.1,21849,151,12.1217
2022-05-18T04:00:00Z,12.1,12.18,11.95,11.99,15708,161,12.033
2022-05-19T04:00:00Z,11.95,12.2,11.94,12.04,23545,303,12.0854
2022-05-20T04:00:00Z,12.18,12.5309,12.121,12.27,19665,156,12.3136
2022-05-23T04:00:00Z,12.29,12.39,12.26,12.35,33067,180,12.3206
2022-05-24T04:00:00Z,12.26,12.33,12.15,12.31,20466,252,12.2421
2022-05-25T04:00:00Z,12.23,12.36,12.21,12.28,34612,166,12.2696
2022-05-26T04:00:00Z,12.21,12.51,12.21,12.31,27380,153,12.3833
2022-05-27T04:00:00Z,12.47,12.55,12.3486,12.5,22478,154,12.4802
2022-05-31T04:00:00Z,12.69,12.9098,12.69,12.75,24094,121,12.8203
2022-06-01T04:00:00Z,12.8,12.82,12.6,12.68,32601,255,12.6643
2022-06-02T04:00:00Z,12.67,12.88,12.5682,12.79,19212,186,12.7799
2022-06-03T04:00:00Z,12.74,12.77,12.64,12.68,25896,169,12.6752
2022-06-06T04:00:00Z,12.75,12.8496,12.66,12.7,30813,117,12.7368
2022-06-07T04:00:00Z,12.64,12.7651,12.57,12.75,22046,196,12.6815
2022-06-08T04:00:00Z,12.8,12.92,12.8,12.85,12972,106,12.8581
2022-06-09T04:00:00Z,12.83,12.86,12.65,12.72,23182,198,12.7562
2022-06-10T04:00:00Z,12.65,12.9461,12.51,12.53,76135,291,12.6145
2022-06-13T04:00:00Z,12.19,12.39,12.12,12.14,32162,242,12.1775
2022-06-14T04:00:00Z,12.29,12.39,12.11,12.17,29189,160,12.2389
2022-06-15T04:00:00Z,12.25,12.25,12.05,12.16,24876,225,12.1688
2022-06-16T04:00:00Z,12.05,12.05,11.85,11.86,15281,118,11.9004
2022-06-17T04:00:00Z,11.8,11.9,11.7763,11.81,14350,143,11.8011
2022-06-21T04:00:00Z,11.96,12.01,11.93,12,40273,294,11.9648
2022-06-22T04:00:00Z,11.76,11.8817,11.76,11.76,23053,215,11.8016
2022-06-23T04:00:00Z,11.79,11.9136,11.79,11.85,22773,122,11.8265
2022-06-24T04:00:00Z,11.94,12.2489,11.88,12.19,22505,245,12.1623
2022-06-27T04:00:00Z,12.26,12.2799,12.2,12.25,12839,81,12.2468
2022-06-28T04:00:00Z,12.29,12.325,12.1,12.1,58972,245,12.2139
2022-06-29T04:00:00Z,12.05,12.11,12.03,12.08,12368,87,12.0749
2022-06-30T04:00:00Z,11.94,12.0399,11.84,11.98,8617,65,11.9592
2022-07-01T04:00:00Z,11.87,11.96,11.8382,11.94,11303,90,11.8979
2022-07-05T04:00:00Z,11.75,12.01,11.75,11.97,22265,177,11.8376
2022-07-06T04:00:00Z,11.96,11.96,11.8229,11.9,17836,167,11.8807
2022-07-07T04:00:00Z,12.2,12.309,12.2,12.26,11331,109,12.2507
2022-07-08T04:00:00Z,12.27,12.34,12.245,12.31,7676,57,12.2946
2022-07-11T04:00:00Z,12.07,12.07,11.865,11.88,15925,152,11.9445
2022-07-12T04:00:00Z,11.89,11.9,11.73,11.85,17927,195,11.8243
2022-07-13T04:00:00Z,11.75,11.9,11.72,11.87,22274,127,11.87
2022-07-14T04:00:00Z,11.83,11.83,11.6704,11.75,14803,137,11.7209
2022-07-15T04:00:00Z,11.71,11.84,11.68,11.82,10171,89,11.7819
2022-07-18T04:00:00Z,12.01,12.07,11.92,11.93,9288,78,12.0089
2022-07-19T04:00:00Z,12.03,12.03,11.94,11.96,21262,149,11.9898
2022-07-20T04:00:00Z,11.93,11.97,11.8,11.89,24522,165,11.8833
2022-07-21T04:00:00Z,11.97,12,11.91,11.93,27245,212,11.9353
2022-07-22T04:00:00Z,11.94,11.95,11.86,11.91,58718,282,11.9017
2022-07-25T04:00:00Z,11.92,12.05,11.91,11.95,14078,98,11.9463
2022-07-26T04:00:00Z,12,12.006,11.92,11.95,27528,184,11.9531
2022-07-27T04:00:00Z,12.06,12.11,11.9371,12.09,21607,149,12.0025
2022-07-28T04:00:00Z,12.11,12.17,12.03,12.17,16775,207,12.1004
2022-07-29T04:00:00Z,11.99,12.12,11.97,12.1135,22205,188,12.0661
2022-08-01T04:00:00Z,12.05,12.12,11.8868,12.09,16294,139,12.0595
2022-08-02T04:00:00Z,11.97,12.12,11.95,12.1,10370,108,12.0442
2022-08-03T04:00:00Z,12.09,12.2593,12.09,12.21,8944,73,12.1926
2022-08-04T04:00:00Z,12.32,12.3899,12.29,12.35,15943,116,12.3286
2022-08-05T04:00:00Z,12.28,12.3894,11.9,12.36,5977,79,12.3237
2022-08-08T04:00:00Z,12.39,12.4196,12.28,12.3,7192,77,12.3295
2022-08-09T04:00:00Z,12.27,12.38,12.26,12.31,6575,68,12.3295
2022-08-10T04:00:00Z,12.4,12.44,12.29,12.35,8187,85,12.3792
2022-08-11T04:00:00Z,12.46,12.74,12.46,12.54,19233,232,12.5862
2022-08-12T04:00:00Z,12.54,12.54,12.5,12.53,8838,113,12.5206
2022-08-15T04:00:00Z,12.44,12.6056,12.44,12.56,8449,100,12.5278
2022-08-16T04:00:00Z,12.55,12.5954,12.5205,12.54,10854,81,12.5603
2022-08-17T04:00:00Z,12.45,12.5,12.41,12.49,10756,192,12.4733
2022-08-18T04:00:00Z,12.46,12.46,12.32,12.4,7640,71,12.391
2022-08-19T04:00:00Z,12.29,12.326,12.18,12.21,6492,91,12.2608
2022-08-22T04:00:00Z,12.13,12.13,12.01,12.02,12288,118,12.0545
2022-08-23T04:00:00Z,11.99,12.1199,11.99,12,16832,107,12.0308
2022-08-24T04:00:00Z,11.95,12.155,11.95,12.13,7735,82,12.098
2022-08-25T04:00:00Z,12.24,12.45,12.24,12.33,35209,203,12.3459
2022-08-26T04:00:00Z,12.37,12.37,12.06,12.06,15041,107,12.1885
2022-08-29T04:00:00Z,12,12.0699,11.89,11.89,12817,134,11.9762
2022-08-30T04:00:00Z,11.95,12.09,11.6901,11.78,23244,168,11.8229
2022-08-31T04:00:00Z,11.83,12.06,11.83,11.85,13243,134,11.9437
2022-09-01T04:00:00Z,11.76,11.79,11.64,11.71,16657,124,11.6894
2022-09-02T04:00:00Z,11.74,11.75,11.63,11.66,15646,120,11.6871
2022-09-06T04:00:00Z,11.62,11.67,11.51,11.55,20201,159,11.5726
2022-09-07T04:00:00Z,11.54,11.6218,11.5,11.6218,13890,140,11.5657
2022-09-08T04:00:00Z,11.5,11.69,11.5,11.66,27652,170,11.5811
2022-09-09T04:00:00Z,11.73,11.89,11.69,11.86,14048,97,11.8082
2022-09-12T04:00:00Z,12,12.084,12,12.05,4598,58,12.0301
2022-09-13T04:00:00Z,11.89,11.89,11.53,11.62,23092,188,11.7073
2022-09-14T04:00:00Z,11.73,12,11.61,11.7,30604,203,11.6913
2022-09-15T04:00:00Z,11.58,11.79,11.58,11.66,23318,135,11.667
2022-09-16T04:00:00Z,11.52,11.675,11.4403,11.52,36418,197,11.5064
2022-09-19T04:00:00Z,11.47,11.54,11.45,11.54,20128,116,11.5271
2022-09-20T04:00:00Z,11.48,11.58,11.41,11.58,24455,180,11.5455
2022-09-21T04:00:00Z,11.51,11.56,11.35,11.35,17140,162,11.4381
2022-09-22T04:00:00Z,11.33,11.35,11.25,11.33,21445,135,11.2925
2022-09-23T04:00:00Z,11.07,11.23,11.03,11.09,39427,288,11.0843
2022-09-26T04:00:00Z,11.02,11.22,11,11.03,25364,134,11.0269
2022-09-27T04:00:00Z,11.08,11.13,10.62,10.63,200452,1184,10.7196
2022-09-28T04:00:00Z,10.58,10.71,10.5,10.68,33120,150,10.6074
2022-09-29T04:00:00Z,10.52,10.52,10.3701,10.47,22431,154,10.4546
2022-09-30T04:00:00Z,10.44,10.55,10.32,10.37,30697,177,10.442
2022-10-03T04:00:00Z,10.54,10.58,10.48,10.55,78985,199,10.5128
2022-10-04T04:00:00Z,10.67,11.01,10.67,10.91,35726,240,10.8965
2022-10-05T04:00:00Z,10.85,10.87,10.72,10.84,62321,470,10.8241
2022-10-06T04:00:00Z,10.84,10.9,10.8082,10.85,30833,166,10.8394
2022-10-07T04:00:00Z,10.72,10.78,10.7,10.7,44934,285,10.7411
2022-10-10T04:00:00Z,10.66,10.66,10.535,10.59,28454,171,10.5889
2022-10-11T04:00:00Z,10.54,10.59,10.3574,10.49,19577,121,10.4648
2022-10-12T04:00:00Z,10.49,10.63,10.4402,10.63,15864,134,10.5682
2022-10-13T04:00:00Z,10.42,10.6217,10.3,10.55,27928,113,10.512
2022-10-14T04:00:00Z,10.68,10.75,10.4963,10.53,40605,219,10.5741
2022-10-17T04:00:00Z,10.61,10.74,10.61,10.63,40548,190,10.6648
2022-10-18T04:00:00Z,10.76,10.76,10.5869,10.7,24277,154,10.6909
2022-10-19T04:00:00Z,10.59,10.6232,10.4201,10.45,26798,143,10.4784
2022-10-20T04:00:00Z,10.46,10.68,10.46,10.52,22744,153,10.5346
2022-10-21T04:00:00Z,10.5,10.689,10.45,10.67,36925,103,10.544
2022-10-24T04:00:00Z,10.4,10.41,10.1031,10.24,59717,324,10.2095
2022-10-25T04:00:00Z,10.26,10.39,10.26,10.36,15267,99,10.3304
2022-10-26T04:00:00Z,10.3,10.58,10.3,10.49,29624,145,10.4463
2022-10-27T04:00:00Z,10.48,10.53,10.36,10.4,27402,135,10.4035
2022-10-28T04:00:00Z,10.28,10.33,10.22,10.3,47613,142,10.2657
2022-10-31T04:00:00Z,10.18,10.27,10.18,10.27,24329,125,10.2174
2022-11-01T04:00:00Z,10.53,10.57,10.46,10.53,27942,101,10.5258
2022-11-02T04:00:00Z,10.57,10.74,10.23,10.46,41943,154,10.4531
2022-11-03T04:00:00Z,10.31,10.52,10.31,10.5,20180,91,10.4161
2022-11-04T04:00:00Z,10.77,11.03,10.77,10.99,37397,242,10.9089
2022-11-07T05:00:00Z,11.06,11.06,10.94,11.03,27181,180,11.0066
2022-11-08T05:00:00Z,11.08,11.09,10.92,11.02,29991,162,10.9979
2022-11-09T05:00:00Z,10.99,11.01,10.82,10.82,30267,133,10.905
2022-11-10T05:00:00Z,11.08,11.16,10.99,11.13,48120,221,11.0966
2022-11-11T05:00:00Z,11.26,11.65,11.26,11.56,59092,242,11.5304
2022-11-14T05:00:00Z,11.54,11.68,11.52,11.58,20098,116,11.6305
2022-11-15T05:00:00Z,11.75,12.105,11.75,11.97,87860,297,12.0622
2022-11-16T05:00:00Z,11.93,12.01,11.82,11.84,25537,145,11.8894
2022-11-17T05:00:00Z,11.72,11.77,11.62,11.75,50474,433,11.6929
2022-11-18T05:00:00Z,11.69,11.74,11.48,11.61,101204,656,11.5659
2022-11-21T05:00:00Z,11.42,11.69,11.38,11.42,161673,704,11.3961
2022-11-22T05:00:00Z,11.4,11.52,11.38,11.48,74593,320,11.4371
2022-11-23T05:00:00Z,11.49,11.64,11.49,11.59,67282,505,11.5788
2022-11-25T05:00:00Z,11.51,11.5554,11.51,11.51,19913,119,11.5321
2022-11-28T05:00:00Z,11.44,11.58,11.41,11.43,48143,315,11.4824
2022-11-29T05:00:00Z,11.52,11.78,11.52,11.78,108178,624,11.7278
2022-11-30T05:00:00Z,11.91,12.175,11.91,12.09,29412,219,12.0723
2022-12-01T05:00:00Z,12.15,12.21,12.13,12.15,19342,177,12.166
2022-12-02T05:00:00Z,11.97,12.36,11.97,12.32,23480,157,12.2648
2022-12-05T05:00:00Z,12.33,12.37,12.0802,12.17,55717,524,12.2427
2022-12-06T05:00:00Z,12.17,12.27,12.12,12.27,31314,201,12.1873
2022-12-07T05:00:00Z,12.19,12.21,12.1189,12.18,33147,320,12.1832
2022-12-08T05:00:00Z,12.27,12.44,12.2698,12.36,26270,207,12.3235
2022-12-09T05:00:00Z,12.42,12.55,12.42,12.52,41114,262,12.4855
2022-12-12T05:00:00Z,12.47,12.47,12.33,12.37,34388,194,12.3644
2022-12-13T05:00:00Z,12.66,12.7395,12.46,12.5,32947,163,12.5892
2022-12-14T05:00:00Z,12.44,12.5182,12.41,12.43,63681,392,12.4651
2022-12-15T05:00:00Z,12.37,12.38,12.15,12.18,44301,327,12.2422
2022-12-16T05:00:00Z,11.01,11.2055,10.75,11.11,32923,280,11.0643
2022-12-19T05:00:00Z,11.11,11.2,11.05,11.07,35862,241,11.1158
2022-12-20T05:00:00Z,11,11.04,10.97,10.97,77790,232,10.994
2022-12-21T05:00:00Z,11.02,11.14,11.02,11.14,23627,179,11.1135
2022-12-22T05:00:00Z,11.1,11.14,10.97,11.07,21638,125,11.0608
2022-12-23T05:00:00Z,11.03,11.07,11.0016,11.06,8012,150,11.0255
2022-12-27T05:00:00Z,11.11,11.2393,11.11,11.15,46222,245,11.1516
2022-12-28T05:00:00Z,11.12,11.715,11.1,11.28,134012,965,11.3249
2022-12-29T05:00:00Z,11.43,11.44,11.275,11.34,47262,290,11.3361
2022-12-30T05:00:00Z,11.38,11.57,11.36,11.42,131992,595,11.4675
2023-01-03T05:00:00Z,11.49,12.01,11.48,11.53,154208,749,11.636
2023-01-04T05:00:00Z,11.65,11.725,11.6296,11.68,49307,425,11.7029
2023-01-05T05:00:00Z,11.64,11.64,11.51,11.58,18608,122,11.5818
2023-01-06T05:00:00Z,11.65,11.8,11.605,11.79,19980,124,11.7004
2023-01-09T05:00:00Z,11.86,12.31,11.86,12.16,30269,179,12.0981
2023-01-10T05:00:00Z,12.22,12.22,12.1389,12.18,27919,235,12.1665
2023-01-11T05:00:00Z,12.19,12.3387,12.14,12.2835,16342,169,12.2688
2023-01-12T05:00:00Z,12.36,12.39,12.23,12.39,19826,210,12.3354
2023-01-13T05:00:00Z,12.29,12.54,12.29,12.51,10919,173,12.4558
2023-01-17T05:00:00Z,12.5,12.6299,12.5,12.53,29738,294,12.5417
2023-01-18T05:00:00Z,12.61,12.61,12.35,12.53,12302,83,12.4645
2023-01-19T05:00:00Z,12.49,12.5323,12.3,12.41,16236,153,12.4359
2023-01-20T05:00:00Z,12.44,12.6557,12.44,12.63,21822,202,12.6055
2023-01-23T05:00:00Z,12.67,12.87,12.67,12.8,105214,739,12.8242
2023-01-24T05:00:00Z,12.43,12.74,12.42,12.73,28976,300,12.7187
2023-01-25T05:00:00Z,12.61,13.19,12.5876,12.67,32693,303,12.6937
2023-01-26T05:00:00Z,12.72,12.88,12.72,12.79,17294,182,12.7987
2023-01-27T05:00:00Z,12.82,12.895,12.8,12.85,83608,354,12.8515
2023-01-30T05:00:00Z,12.71,12.71,12.56,12.59,8966,81,12.6288
2023-01-31T05:00:00Z,12.51,12.77,12.51,12.68,23020,162,12.6416
2023-02-01T05:00:00Z,12.73,12.98,12.68,12.89,19586,154,12.8317
2023-02-02T05:00:00Z,12.94,12.94,12.7,12.75,27666,201,12.8131
2023-02-03T05:00:00Z,12.62,12.62,12.51,12.51,10144,50,12.5572
2023-02-06T05:00:00Z,12.35,12.35,12.06,12.12,27850,157,12.1919
2023-02-07T05:00:00Z,12.09,12.22,12.09,12.18,17317,98,12.166
2023-02-08T05:00:00Z,12.18,12.32,12.18,12.3,8294,67,12.2816
2023-02-09T05:00:00Z,12.48,12.5,12.35,12.42,9833,79,12.4409
2023-02-10T05:00:00Z,12.38,12.38,12.1501,12.19,18478,117,12.1991
2023-02-13T05:00:00Z,12.2,12.36,12.19,12.24,7738,71,12.2779
2023-02-14T05:00:00Z,12.22,12.22,12.14,12.2,12201,81,12.1872
2023-02-15T05:00:00Z,12.02,12.1216,11.99,12.07,18198,84,12.0571
2023-02-16T05:00:00Z,11.99,12.0679,11.9,11.95,52976,393,11.9569
2023-02-17T05:00:00Z,11.79,11.84,11.75,11.77,28700,160,11.7836
2023-02-21T05:00:00Z,11.65,11.87,11.65,11.73,45898,236,11.7007
2023-02-22T05:00:00Z,11.69,11.72,11.6369,11.65,16481,118,11.6896
2023-02-23T05:00:00Z,11.76,11.8199,11.65,11.72,12316,124,11.6987
2023-02-24T05:00:00Z,11.45,11.55,11.43,11.43,12971,81,11.4505
2023-02-27T05:00:00Z,11.45,11.47,11.38,11.41,9544,72,11.4152
2023-02-28T05:00:00Z,11.34,11.4,11.3101,11.36,21677,128,11.366
2023-03-01T05:00:00Z,11.56,11.66,11.56,11.6,8586,62,11.6054
2023-03-02T05:00:00Z,11.59,11.75,11.58,11.75,30522,111,11.6948
2023-03-03T05:00:00Z,11.71,11.76,11.6884,11.74,15246,111,11.7188
2023-03-06T05:00:00Z,11.74,11.78,11.66,11.7,11737,86,11.7243
2023-03-07T05:00:00Z,11.65,11.66,11.5301,11.64,40655,253,11.5941
2023-03-08T05:00:00Z,11.59,11.65,11.56,11.59,6173,60,11.5935
2023-03-09T05:00:00Z,11.5,11.51,11.34,11.34,11893,100,11.4833
2023-03-10T05:00:00Z,11.3,11.43,11.3,11.32,5469,43,11.3602
2023-03-13T04:00:00Z,11.3,11.49,11.2938,11.41,7486,33,11.4306
2023-03-14T04:00:00Z,11.36,11.42,11.29,11.31,17452,108,11.3584
2023-03-15T04:00:00Z,11.03,11.1099,11.03,11.1,13355,52,11.0885
2023-03-16T04:00:00Z,11.08,11.29,11.0488,11.29,6493,61,11.1806
2023-03-17T04:00:00Z,11.22,11.33,11.1946,11.29,13160,86,11.2572
2023-03-20T04:00:00Z,11.26,11.39,11.25,11.27,7392,59,11.3159
2023-03-21T04:00:00Z,11.38,11.39,11.09,11.2,50861,293,11.2041
2023-03-22T04:00:00Z,11.26,11.4,11.25,11.34,15359,111,11.3328
2023-03-23T04:00:00Z,11.47,11.595,11.4568,11.5212,8640,57,11.5487
2023-03-24T04:00:00Z,11.43,11.4535,11.36,11.43,8910,34,11.4089
2023-03-27T04:00:00Z,11.39,11.406,11.32,11.33,4157,39,11.34
2023-03-28T04:00:00Z,11.34,11.48,11.34,11.44,40722,221,11.4142
2023-03-29T04:00:00Z,11.51,11.54,11.45,11.5305,7540,115,11.515
2023-03-30T04:00:00Z,11.63,11.63,11.54,11.6,6761,44,11.612
2023-03-31T04:00:00Z,11.59,11.71,11.59,11.7,24264,178,11.6757
2023-04-03T04:00:00Z,11.64,11.699,11.61,11.66,6774,61,11.637
2023-04-04T04:00:00Z,11.69,11.69,11.03,11.66,8659,46,11.643
2023-04-05T04:00:00Z,11.59,11.63,11.5235,11.55,9659,72,11.5561
2023-04-06T04:00:00Z,11.52,11.87,11.45,11.57,18395,67,11.5612
2023-04-10T04:00:00Z,11.6,11.63,11.53,11.56,10385,87,11.5636
2023-04-11T04:00:00Z,11.64,11.77,11.64,11.72,5469,54,11.6985
2023-04-12T04:00:00Z,11.78,11.78,11.6593,11.67,12920,68,11.6895
2023-04-13T04:00:00Z,11.75,11.79,11.7101,11.79,4248,53,11.7339
2023-04-14T04:00:00Z,11.78,11.78,11.3,11.68,25055,164,11.6393
2023-04-17T04:00:00Z,11.7,11.7,11.62,11.63,29997,136,11.6576
2023-04-18T04:00:00Z,11.65,11.7,11.58,11.59,7113,73,11.612
2023-04-19T04:00:00Z,11.46,11.5665,11.46,11.49,6728,60,11.5057
2023-04-20T04:00:00Z,11.45,11.46,11.4345,11.45,12719,69,11.4461
2023-04-21T04:00:00Z,11.43,11.43,11.315,11.36,14143,92,11.3604
2023-04-24T04:00:00Z,11.33,11.47,11.325,11.41,23134,112,11.3741
2023-04-25T04:00:00Z,11.3,11.31,11.2,11.2,15516,75,11.2346
2023-04-26T04:00:00Z,11.27,11.27,11.15,11.18,11700,99,11.2099
2023-04-27T04:00:00Z,11.27,11.42,11.27,11.39,8012,61,11.3682
2023-04-28T04:00:00Z,11.44,11.44,11.39,11.43,7145,50,11.408
2023-05-01T04:00:00Z,11.41,11.4669,11.375,11.4669,4023,43,11.4339
2023-05-02T04:00:00Z,11.43,11.43,11.16,11.26,10505,70,11.2386
2023-05-03T04:00:00Z,11.23,11.29,11.2,11.24,6863,40,11.2615
2023-05-04T04:00:00Z,11.3,11.35,11.2686,11.3097,13519,79,11.3105
2023-05-05T04:00:00Z,11.33,11.5,11.33,11.46,11895,60,11.4096
2023-05-08T04:00:00Z,11.51,11.51,11.44,11.47,9196,69,11.4747
2023-05-09T04:00:00Z,11.39,11.39,11.33,11.34,19863,199,11.3477
2023-05-10T04:00:00Z,11.31,11.415,11.31,11.34,45561,234,11.3449
2023-05-11T04:00:00Z,11.29,11.35,11.29,11.35,4927,27,11.3236
2023-05-12T04:00:00Z,11.3,11.33,11.21,11.22,7003,81,11.2541
2023-05-15T04:00:00Z,11.34,11.42,11.34,11.41,15680,140,11.3824
2023-05-16T04:00:00Z,11.37,11.77,11.37,11.39,22349,87,11.4119
2023-05-17T04:00:00Z,11.39,11.47,11.3827,11.44,7238,46,11.4321
2023-05-18T04:00:00Z,11.46,11.47,11.4,11.41,15019,86,11.423
2023-05-19T04:00:00Z,11.46,11.49,11.43,11.4347,22739,127,11.4336
2023-05-22T04:00:00Z,11.51,11.68,11.51,11.5526,7523,55,11.6025
2023-05-23T04:00:00Z,11.48,11.48,11.43,11.44,8059,73,11.441
2023-05-24T04:00:00Z,11.43,11.43,11.31,11.31,6877,44,11.3444
2023-05-25T04:00:00Z,11.35,11.3745,11.32,11.33,10345,67,11.3359
2023-05-26T04:00:00Z,11.46,11.57,11.22,11.56,9090,83,11.5386
2023-05-30T04:00:00Z,11.56,11.59,11.44,11.46,18686,105,11.5075
2023-05-31T04:00:00Z,11.39,11.39,11.17,11.25,25850,175,11.2394
2023-06-01T04:00:00Z,11.25,11.48,11.25,11.44,28509,132,11.3657
2023-06-02T04:00:00Z,11.53,11.73,11.53,11.72,12976,101,11.6568
2023-06-05T04:00:00Z,11.7,11.7,11.6214,11.66,19640,134,11.675
2023-06-06T04:00:00Z,11.66,11.7896,11.61,11.73,16671,121,11.7277
2023-06-07T04:00:00Z,11.75,11.79,11.73,11.76,22188,233,11.7593
2023-06-08T04:00:00Z,11.81,11.86,11.75,11.8,18556,92,11.7877
2023-06-09T04:00:00Z,11.86,11.9153,11.85,11.86,19037,104,11.8671
2023-06-12T04:00:00Z,11.85,11.966,11.85,11.92,10402,74,11.9251
2023-06-13T04:00:00Z,12.06,12.13,12.025,12.05,26181,187,12.0444
2023-06-14T04:00:00Z,12.17,12.25,12.114,12.24,15747,70,12.179
2023-06-15T04:00:00Z,12.28,12.35,12.25,12.35,11330,101,12.2944
2023-06-16T04:00:00Z,12.41,12.41,12.26,12.3073,14528,34,12.3158
2023-06-20T04:00:00Z,12.21,12.21,11.8919,11.93,21214,232,11.9698
2023-06-21T04:00:00Z,11.84,11.88,11.83,11.84,5629,106,11.8511
2023-06-22T04:00:00Z,11.8,11.83,11.77,11.83,5613,49,11.7943
2023-06-23T04:00:00Z,11.73,11.75,11.65,11.71,35763,216,11.7099
2023-06-26T04:00:00Z,11.73,11.775,11.715,11.75,7577,75,11.7492
2023-06-27T04:00:00Z,11.82,11.88,11.82,11.87,20438,182,11.8456
2023-06-28T04:00:00Z,11.81,11.8299,11.78,11.8,8889,59,11.8051
2023-06-29T04:00:00Z,11.75,11.75,11.69,11.71,8785,101,11.7219
2023-06-30T04:00:00Z,11.7,11.84,11.7,11.84,6827,60,11.8036
2023-07-03T04:00:00Z,11.91,11.97,11.91,11.9583,6369,45,11.9421
2023-07-05T04:00:00Z,11.93,11.9351,11.9,11.91,7502,62,11.9161
2023-07-06T04:00:00Z,11.8,11.8,11.61,11.61,10062,95,11.6767
2023-07-07T04:00:00Z,11.71,11.85,11.71,11.79,14841,101,11.7913
2023-07-10T04:00:00Z,11.79,11.8902,11.77,11.8,18781,71,11.8103
2023-07-11T04:00:00Z,11.87,11.93,11.86,11.92,22530,100,11.8976
2023-07-12T04:00:00Z,12.09,12.2378,12.09,12.21,14864,141,12.1949
2023-07-13T04:00:00Z,12.27,12.4,12.27,12.36,15747,118,12.3701
2023-07-14T04:00:00Z,12.39,12.4,12.31,12.33,11803,84,12.3388
2023-07-17T04:00:00Z,12.34,12.51,12.29,12.5,28612,213,12.4403
2023-07-18T04:00:00Z,12.44,12.44,12.33,12.35,157132,153,12.3984
2023-07-19T04:00:00Z,12.36,12.423,12.29,12.32,12714,78,12.3386
2023-07-20T04:00:00Z,12.27,12.27,12.23,12.24,4049,54,12.2541
2023-07-21T04:00:00Z,12.3,12.3,12.17,12.18,9126,54,12.1977
2023-07-24T04:00:00Z,12.24,12.32,12.24,12.3,9603,58,12.3031
2023-07-25T04:00:00Z,12.38,12.44,12.38,12.4299,3122,22,12.4064
2023-07-26T04:00:00Z,12.41,12.52,12.36,12.48,26786,153,12.4474
2023-07-27T04:00:00Z,12.45,12.46,12.23,12.28,12268,100,12.4046
2023-07-28T04:00:00Z,12.47,12.6,12.47,12.57,17867,88,12.5386
2023-07-31T04:00:00Z,12.53,12.67,12.53,12.645,9468,70,12.6092
2023-08-01T04:00:00Z,12.6,12.64,12.42,12.55,17053,86,12.5595
2023-08-02T04:00:00Z,12.4,12.4,12.26,12.29,9482,75,12.3371
2023-08-03T04:00:00Z,12.28,12.35,12.28,12.3272,8599,69,12.3104
2023-08-04T04:00:00Z,12.32,12.3736,12.23,12.23,9438,70,12.2979
2023-08-07T04:00:00Z,12.25,12.2699,12.131,12.17,11502,83,12.1667
2023-08-08T04:00:00Z,12.06,12.06,11.98,12.04,21589,148,11.9974
2023-08-09T04:00:00Z,12.05,12.09,12.03,12.03,14650,110,12.0522
2023-08-10T04:00:00Z,12.11,12.2799,12.11,12.16,20539,80,12.1817
2023-08-11T04:00:00Z,12.05,12.07,11.8701,11.91,11442,89,11.9597
2023-08-14T04:00:00Z,11.78,11.8414,11.74,11.82,7918,67,11.8053
2023-08-15T04:00:00Z,11.73,11.78,11.68,11.72,13650,92,11.7369
2023-08-16T04:00:00Z,11.66,11.685,11.64,11.65,11073,65,11.6541
2023-08-17T04:00:00Z,11.64,11.75,11.64,11.68,17223,96,11.6928
2023-08-18T04:00:00Z,11.655,11.6565,11.56,11.6183,14508,83,11.627
2023-08-21T04:00:00Z,11.63,11.7289,11.62,11.624,16214,83,11.6355
2023-08-22T04:00:00Z,11.63,11.6776,11.63,11.67,7072,56,11.6618
2023-08-23T04:00:00Z,11.77,11.8874,11.77,11.84,5471,34,11.8537
2023-08-24T04:00:00Z,11.94,11.94,11.79,11.79,3684,24,11.8652
2023-08-25T04:00:00Z,11.79,11.8199,11.6338,11.8,37244,159,11.7421
2023-08-28T04:00:00Z,11.9,11.99,11.89,11.94,5196,41,11.9178
2023-08-29T04:00:00Z,11.96,12.02,11.96,12.02,11726,65,11.9959
2023-08-30T04:00:00Z,11.99,12.02,11.91,11.95,13167,97,11.9704
2023-08-31T04:00:00Z,11.84,11.85,11.705,11.705,12310,81,11.774
2023-09-01T04:00:00Z,11.79,11.9299,11.79,11.84,11124,62,11.8491
2023-09-05T04:00:00Z,11.81,11.81,11.76,11.76,8926,70,11.7935
2023-09-06T04:00:00Z,11.78,11.79,11.65,11.68,5728,50,11.7315
2023-09-07T04:00:00Z,11.65,11.65,11.56,11.58,12253,96,11.5779
2023-09-08T04:00:00Z,11.55,11.62,11.54,11.54,9312,52,11.5809
2023-09-11T04:00:00Z,11.7,11.7,11.63,11.68,4901,58,11.6772
2023-09-12T04:00:00Z,11.6,11.7,11.6,11.68,12072,90,11.673
2023-09-13T04:00:00Z,11.67,11.7207,11.63,11.66,8820,69,11.6752
2023-09-14T04:00:00Z,11.77,11.78,11.76,11.776,12019,110,11.7698
2023-09-15T04:00:00Z,11.64,11.79,11.3,11.78,43651,216,11.7
2023-09-18T04:00:00Z,11.77,11.8178,11.75,11.78,25664,162,11.7866
2023-09-19T04:00:00Z,11.71,11.77,11.65,11.67,29508,196,11.7078
2023-09-20T04:00:00Z,11.7,11.78,11.69,11.69,32947,185,11.723
2023-09-21T04:00:00Z,11.5,11.58,11.45,11.52,15026,108,11.482
2023-09-22T04:00:00Z,11.6,11.62,11.51,11.51,13252,89,11.5738
2023-09-25T04:00:00Z,11.45,11.5,11.41,11.43,29561,164,11.4428
2023-09-26T04:00:00Z,11.3,11.34,11.19,11.19,28194,162,11.2522
2023-09-27T04:00:00Z,11.26,11.26,11.01,11.15,47005,218,11.1474
2023-09-28T04:00:00Z,11.09,11.22,11.09,11.19,6979,76,11.1578
2023-09-29T04:00:00Z,11.31,11.34,11.2747,11.31,7933,68,11.3146
2023-10-02T04:00:00Z,11.27,11.28,11.2301,11.265,9522,78,11.2551
2023-10-03T04:00:00Z,11.18,11.275,11.0203,11.05,30422,232,11.0894
2023-10-04T04:00:00Z,11.02,11.03,10.96,11,29387,197,10.9942
2023-10-05T04:00:00Z,10.97,11.05,10.9516,11.04,15432,112,11.0045
2023-10-06T04:00:00Z,11,11.21,11,11.18,27480,90,11.1796
2023-10-09T04:00:00Z,11.09,11.14,11.04,11.11,20685,120,11.0928
2023-10-10T04:00:00Z,11.16,11.2918,11.1101,11.26,18909,143,11.2495
2023-10-11T04:00:00Z,11.36,11.365,11.31,11.32,12818,94,11.325
2023-10-12T04:00:00Z,11.34,11.34,11.27,11.27,45240,245,11.2915
2023-10-13T04:00:00Z,11.3,11.365,11.15,11.25,49067,193,11.2242
2023-10-16T04:00:00Z,11.19,11.36,11.19,11.3356,17328,131,11.3122
2023-10-17T04:00:00Z,11.24,11.33,11.24,11.29,9632,51,11.2983
2023-10-18T04:00:00Z,11.24,11.24,11.15,11.17,34194,244,11.171
2023-10-19T04:00:00Z,11.14,11.14,10.915,10.98,18681,149,11.0495
2023-10-20T04:00:00Z,10.92,10.9449,10.84,10.86,13444,107,10.8875
2023-10-23T04:00:00Z,10.83,10.925,10.8,10.925,27141,81,10.8326
2023-10-24T04:00:00Z,10.91,11.08,10.8008,10.99,37045,204,10.9448
2023-10-25T04:00:00Z,10.95,10.9581,10.81,10.84,20857,150,10.8652
2023-10-26T04:00:00Z,10.75,10.79,10.58,10.72,44862,238,10.7004
2023-10-27T04:00:00Z,10.8,10.8,10.6822,10.69,26383,202,10.7354
2023-10-30T04:00:00Z,10.75,10.96,10.72,10.77,48780,281,10.7889
2023-10-31T04:00:00Z,10.77,10.8,10.68,10.73,38713,217,10.7255
2023-11-01T04:00:00Z,10.73,10.82,10.73,10.82,13183,128,10.7591
2023-11-02T04:00:00Z,10.95,11.0901,10.95,11.08,16527,125,11.0663
2023-11-03T04:00:00Z,11.19,11.36,11.19,11.31,25772,96,11.3335
2023-11-06T05:00:00Z,11.47,11.55,11.4657,11.52,18535,150,11.5081
2023-11-07T05:00:00Z,11.5,11.5,11.4206,11.49,7276,69,11.4843
2023-11-08T05:00:00Z,11.44,11.53,11.38,11.38,17670,102,11.4344
2023-11-09T05:00:00Z,11.39,11.4397,11.21,11.22,20045,102,11.339
2023-11-10T05:00:00Z,11.25,11.3,11.25,11.3,8443,63,11.2703
2023-11-13T05:00:00Z,11.31,11.3999,11.2712,11.35,11469,82,11.3254
2023-11-14T05:00:00Z,11.53,11.6499,11.53,11.63,21461,113,11.6089
2023-11-15T05:00:00Z,11.69,11.98,11.69,11.8389,14417,122,11.8191
2023-11-16T05:00:00Z,11.74,11.92,11.63,11.63,36643,201,11.7193
2023-11-17T05:00:00Z,11.66,11.7,11.58,11.64,10049,95,11.6605
2023-11-20T05:00:00Z,11.735,11.85,11.735,11.8301,13563,74,11.807
2023-11-21T05:00:00Z,11.83,11.83,11.76,11.77,21774,184,11.7828
2023-11-22T05:00:00Z,11.79,11.79,11.73,11.78,27994,190,11.7594
2023-11-24T05:00:00Z,11.76,11.81,11.76,11.81,23420,57,11.7878
2023-11-27T05:00:00Z,11.73,11.74,11.6801,11.72,16374,108,11.7206
2023-11-28T05:00:00Z,11.72,11.8261,11.72,11.8261,13893,87,11.7813
2023-11-29T05:00:00Z,11.81,11.81,11.76,11.78,15306,112,11.7895
2023-11-30T05:00:00Z,11.83,11.85,11.79,11.84,13568,108,11.8204
2023-12-01T05:00:00Z,11.78,11.78,11.6369,11.74,18813,154,11.7199
2023-12-04T05:00:00Z,11.64,11.71,11.63,11.64,18962,119,11.6643
2023-12-05T05:00:00Z,11.6,11.6,11.52,11.55,19311,171,11.5456
2023-12-06T05:00:00Z,11.63,11.635,11.57,11.57,21141,147,11.604
2023-12-07T05:00:00Z,11.54,11.67,11.54,11.64,18522,88,11.6135
2023-12-08T05:00:00Z,11.56,11.6744,11.56,11.62,14358,87,11.6235
2023-12-11T05:00:00Z,11.64,11.73,11.63,11.72,13995,85,11.678
2023-12-12T05:00:00Z,11.68,11.8,11.6301,11.72,19315,111,11.7012
2023-12-13T05:00:00Z,11.62,11.85,11.62,11.8,30512,160,11.6821
2023-12-14T05:00:00Z,11.8362,12.36,11.8362,12.06,51850,236,12.0292
2023-12-15T05:00:00Z,11.43,11.65,11.02,11.5,37266,199,11.5327
2023-12-18T05:00:00Z,11.55,11.635,11.37,11.49,33576,175,11.5032
2023-12-19T05:00:00Z,11.54,11.62,11.3125,11.48,61098,243,11.5233
2023-12-20T05:00:00Z,11.46,11.46,11.26,11.26,37656,235,11.3636
2023-12-21T05:00:00Z,11.35,11.45,11.35,11.38,23908,112,11.3888
2023-12-22T05:00:00Z,11.34,11.49,11.34,11.45,28014,97,11.426
2023-12-26T05:00:00Z,11.47,11.4997,11.42,11.46,26024,106,11.4611
2023-12-27T05:00:00Z,11.5,12.05,11.485,11.71,89037,683,11.7673
2023-12-28T05:00:00Z,11.94,12,11.79,11.97,46089,203,11.8998
2023-12-29T05:00:00Z,11.88,11.97,11.628,11.68,39161,180,11.8946
2024-01-02T05:00:00Z,11.65,11.99,11.65,11.88,115359,461,11.8897
2024-01-03T05:00:00Z,11.74,11.86,11.61,11.65,34325,187,11.7
2024-01-04T05:00:00Z,11.61,11.65,11.6,11.64,18506,97,11.6261
2024-01-05T05:00:00Z,11.67,11.71,11.5776,11.62,18000,104,11.6322
2024-01-08T05:00:00Z,11.57,11.6499,11.52,11.64,25637,128,11.5907
2024-01-09T05:00:00Z,11.45,11.54,11.35,11.4,26397,118,11.4108
2024-01-10T05:00:00Z,11.39,11.39,11.2,11.3367,21643,163,11.3204
2024-01-11T05:00:00Z,11.36,11.38,11.25,11.38,16421,76,11.337
2024-01-12T05:00:00Z,11.39,11.4599,11.33,11.38,15517,91,11.3915
2024-01-16T05:00:00Z,11.2,11.25,11.0501,11.16,37207,100,11.1811
2024-01-17T05:00:00Z,10.97,11.0101,10.68,10.94,33401,245,10.9149
2024-01-18T05:00:00Z,11,11.12,10.7,10.75,188849,1024,10.7904
2024-01-19T05:00:00Z,10.8,10.94,10.8,10.93,46559,262,10.88
2024-01-22T05:00:00Z,10.87,11.13,10.845,10.91,65229,280,10.9001
2024-01-23T05:00:00Z,10.97,11.03,10.9437,11,15483,112,10.9858
2024-01-24T05:00:00Z,11.1,11.22,11.1,11.14,17970,82,11.1673
2024-01-25T05:00:00Z,11.2,11.21,11.17,11.21,16067,118,11.1958
2024-01-26T05:00:00Z,11.25,11.3399,11.19,11.22,24360,132,11.254
2024-01-29T05:00:00Z,11.2,11.31,11.2,11.31,40858,193,11.2536
2024-01-30T05:00:00Z,11.22,11.25,11.15,11.23,30923,185,11.2153
2024-01-31T05:00:00Z,11.21,11.3,11.1897,11.1897,5409,35,11.2475
2024-02-01T05:00:00Z,11.26,11.4,11.26,11.36,22514,132,11.3534
2024-02-02T05:00:00Z,11.33,11.38,11.18,11.22,41951,277,11.2804
2024-02-05T05:00:00Z,11.22,11.22,11.11,11.19,17985,99,11.1643
2024-02-06T05:00:00Z,11.26,11.47,11.26,11.46,34939,102,11.3986
2024-02-07T05:00:00Z,11.67,11.67,11.39,11.47,18936,77,11.4764
2024-02-08T05:00:00Z,11.39,11.4157,11.32,11.34,26893,176,11.3603
2024-02-09T05:00:00Z,11.32,11.36,11.2506,11.33,5235,53,11.3268
2024-02-12T05:00:00Z,11.22,11.53,11.22,11.45,18486,66,11.4114
2024-02-13T05:00:00Z,11.32,11.375,11.2146,11.23,13992,109,11.2583
2024-02-14T05:00:00Z,11.29,11.42,11.29,11.36,12240,73,11.3482
2024-02-15T05:00:00Z,11.36,11.45,11.36,11.4,11380,71,11.3884
2024-02-16T05:00:00Z,11.45,11.54,11.33,11.4651,69258,265,11.4966
2024-02-20T05:00:00Z,11.43,11.5,11.43,11.48,23845,99,11.4627
2024-02-21T05:00:00Z,11.51,11.52,11.49,11.505,13462,60,11.4987
2024-02-22T05:00:00Z,11.68,11.71,11.55,11.67,27238,176,11.6579
2024-02-23T05:00:00Z,11.66,11.7042,11.66,11.67,12635,180,11.678
2024-02-26T05:00:00Z,11.63,11.656,11.625,11.65,30031,197,11.6394
2024-02-27T05:00:00Z,11.63,11.7007,11.62,11.62,27112,95,11.6719
2024-02-28T05:00:00Z,11.51,11.51,11.4804,11.5,22137,163,11.4952
2024-02-29T05:00:00Z,11.55,11.5899,11.5285,11.53,14614,104,11.5573
2024-03-01T05:00:00Z,11.54,11.6098,11.54,11.58,9025,59,11.5861
2024-03-04T05:00:00Z,11.53,11.66,11.53,11.63,23524,155,11.622
2024-03-05T05:00:00Z,11.6,11.686,11.54,11.59,25834,157,11.601
2024-03-06T05:00:00Z,11.74,11.7599,11.6822,11.71,15859,84,11.7183
2024-03-07T05:00:00Z,11.76,11.85,11.76,11.82,18864,102,11.817
2024-03-08T05:00:00Z,11.91,11.935,11.63,11.89,44322,218,11.7908
2024-03-11T04:00:00Z,11.9,11.9299,11.76,11.89,13332,81,11.9008
2024-03-12T04:00:00Z,11.98,11.98,11.815,11.98,7216,56,11.9601
2024-03-13T04:00:00Z,11.97,12.0199,11.97,12.01,14443,106,11.9877
2024-03-14T04:00:00Z,11.93,11.9937,11.87,11.88,19234,167,11.9476
2024-03-15T04:00:00Z,11.86,11.86,11.7262,11.75,8966,98,11.7561
2024-03-18T04:00:00Z,11.78,11.78,11.7031,11.73,38787,109,11.7535
2024-03-19T04:00:00Z,11.68,11.68,11.61,11.66,13814,98,11.6358
2024-03-20T04:00:00Z,11.64,11.8,11.64,11.77,18905,139,11.6913
2024-03-21T04:00:00Z,11.86,11.92,11.83,11.89,22015,140,11.8729
2024-03-22T04:00:00Z,11.79,11.8399,11.77,11.8,20137,138,11.7909
2024-03-25T04:00:00Z,11.79,11.85,11.79,11.85,19097,73,11.8256
2024-03-26T04:00:00Z,11.87,11.8701,11.79,11.79,12875,105,11.8496
2024-03-27T04:00:00Z,11.84,11.86,11.8,11.8,11473,81,11.8311
2024-03-28T04:00:00Z,11.85,11.98,11.85,11.94,12195,87,11.939
2024-04-01T04:00:00Z,11.95,12,11.9101,11.94,27796,187,11.9483
2024-04-02T04:00:00Z,11.99,11.99,11.87,11.95,21463,171,11.9054
2024-04-03T04:00:00Z,11.89,11.98,11.89,11.95,16674,124,11.9552
2024-04-04T04:00:00Z,12.04,12.11,12.0203,12.04,32035,222,12.0583
2024-04-05T04:00:00Z,12.04,12.04,11.93,11.93,15222,80,11.9944
2024-04-08T04:00:00Z,12.01,12.115,12.01,12.01,17390,147,12.0767
2024-04-09T04:00:00Z,12.09,12.156,12.07,12.08,12610,81,12.0878
2024-04-10T04:00:00Z,11.99,11.99,11.92,11.93,25615,156,11.9434
2024-04-11T04:00:00Z,11.94,12.01,11.91,11.94,15370,157,11.9348
2024-04-12T04:00:00Z,11.78,11.7848,11.65,11.65,9412,91,11.7107
2024-04-15T04:00:00Z,11.71,11.71,11.51,11.51,12604,118,11.5976
2024-04-16T04:00:00Z,11.41,11.41,11.14,11.17,176917,1231,11.1946
2024-04-17T04:00:00Z,11.23,11.29,11.21,11.22,106473,478,11.2341
2024-04-18T04:00:00Z,11.32,11.3644,11.25,11.25,10017,80,11.3199
2024-04-19T04:00:00Z,11.23,11.25,11.19,11.2,19309,145,11.2109
2024-04-22T04:00:00Z,11.17,11.37,11.17,11.35,36598,181,11.2947
2024-04-23T04:00:00Z,11.38,11.58,11.38,11.55,16301,117,11.506
2024-04-24T04:00:00Z,11.62,11.67,11.57,11.59,103663,159,11.6256
2024-04-25T04:00:00Z,11.49,11.61,11.49,11.59,6382,53,11.5576
2024-04-26T04:00:00Z,11.65,11.77,11.65,11.74,11546,83,11.7441
2024-04-29T04:00:00Z,11.8,11.86,11.8,11.83,13577,115,11.8319
2024-04-30T04:00:00Z,11.79,11.79,11.73,11.77,18044,122,11.7536
2024-05-01T04:00:00Z,11.79,11.85,11.74,11.79,12921,101,11.7814
2024-05-02T04:00:00Z,11.89,12.1345,11.5227,12.05,42328,190,12.0406
2024-05-03T04:00:00Z,12.15,12.2235,12.04,12.2,22735,157,12.1931
2024-05-06T04:00:00Z,12.17,12.29,12.17,12.24,55897,222,12.2347
2024-05-07T04:00:00Z,12.22,12.28,12.22,12.28,26641,174,12.2582
2024-05-08T04:00:00Z,12.23,12.29,12.23,12.29,16241,113,12.2539
2024-05-09T04:00:00Z,12.28,12.3,12.225,12.3,16754,73,12.2578
2024-05-10T04:00:00Z,12.3,12.39,12.27,12.27,12444,89,12.3102
2024-05-13T04:00:00Z,12.41,12.44,12.41,12.41,14921,105,12.421
2024-05-14T04:00:00Z,12.43,12.49,12.43,12.49,9385,74,12.4803
2024-05-15T04:00:00Z,12.51,12.61,12.51,12.56,8607,72,12.5665
2024-05-16T04:00:00Z,12.57,12.65,12.57,12.63,22038,99,12.6199
2024-05-17T04:00:00Z,12.65,12.6962,12.62,12.625,3391,45,12.6528
2024-05-20T04:00:00Z,12.55,12.57,12.51,12.529,8408,77,12.5504
2024-05-21T04:00:00Z,12.44,12.51,12.4,12.47,20984,93,12.4854
2024-05-22T04:00:00Z,12.47,12.48,12.43,12.44,17042,102,12.4585
2024-05-23T04:00:00Z,12.5,12.5,12.335,12.34,10275,86,12.3993
2024-05-24T04:00:00Z,12.38,12.42,12.35,12.37,3695,38,12.3827
2024-05-28T04:00:00Z,12.42,12.46,12.37,12.38,8671,71,12.4065
2024-05-29T04:00:00Z,12.22,12.2417,12.13,12.13,7879,64,12.2031
2024-05-30T04:00:00Z,12.09,12.1757,12.05,12.12,4756,26,12.1104
2024-05-31T04:00:00Z,12.07,12.07,11.9,12,21539,102,11.9448
2024-06-03T04:00:00Z,12.06,12.1,12,12.1,32042,139,12.0576
2024-06-04T04:00:00Z,12,12,11.8701,11.94,28933,179,11.9203
2024-06-05T04:00:00Z,12.01,12.125,12.01,12.07,30371,178,12.0508
2024-06-06T04:00:00Z,12.19,12.24,12.14,12.24,14889,95,12.1951
2024-06-07T04:00:00Z,12.16,12.16,12.05,12.09,5680,59,12.1291
2024-06-10T04:00:00Z,12.1,12.16,12.1,12.11,16946,173,12.1429
2024-06-11T04:00:00Z,12.09,12.2,12.08,12.18,16473,135,12.1303
2024-06-12T04:00:00Z,12.27,12.33,12.1597,12.21,15918,122,12.2255
2024-06-13T04:00:00Z,12.29,12.47,12.276,12.34,24807,171,12.3241
2024-06-14T04:00:00Z,12.29,12.29,12.1701,12.2,11448,55,12.2298
2024-06-17T04:00:00Z,12.23,12.34,12.1619,12.26,11651,93,12.2733
2024-06-18T04:00:00Z,12.29,12.56,12.29,12.4,15650,89,12.456
2024-06-20T04:00:00Z,12.41,12.45,12.355,12.37,22546,136,12.3987
2024-06-21T04:00:00Z,12.34,12.505,12.31,12.36,33966,194,12.3726
2024-06-24T04:00:00Z,12.37,12.48,12.36,12.38,19060,184,12.417
2024-06-25T04:00:00Z,12.39,12.4098,12.33,12.35,19266,105,12.3744
2024-06-26T04:00:00Z,12.31,12.35,12.3,12.34,10690,87,12.3255
2024-06-27T04:00:00Z,12.4,12.44,12.39,12.4061,8920,65,12.4067
2024-06-28T04:00:00Z,12.48,12.6013,12.3547,12.36,11599,104,12.431
2024-07-01T04:00:00Z,12.42,12.49,12.4,12.42,19027,138,12.4288
2024-07-02T04:00:00Z,12.41,12.5,12.41,12.46,16584,121,12.4553
2024-07-03T04:00:00Z,12.55,12.61,12.48,12.6,14236,83,12.5467
2024-07-05T04:00:00Z,12.59,12.72,12.56,12.69,21923,186,12.6538
2024-07-08T04:00:00Z,12.77,12.8,12.66,12.7,18908,137,12.7221
2024-07-09T04:00:00Z,12.75,12.85,12.6862,12.84,12480,117,12.8125
2024-07-10T04:00:00Z,12.84,12.94,12.83,12.87,19529,158,12.8827
2024-07-11T04:00:00Z,13,13.0937,12.96,13.01,39841,245,13.0233
2024-07-12T04:00:00Z,13.07,13.1389,13.05,13.05,9258,59,13.0713
2024-07-15T04:00:00Z,13,13.01,12.9001,12.95,24921,101,12.9766
2024-07-16T04:00:00Z,12.93,13.085,12.919,13.01,18573,137,13.0056
2024-07-17T04:00:00Z,12.91,13.11,12.81,12.82,29830,141,12.8646
2024-07-18T04:00:00Z,12.79,12.8503,12.72,12.76,18629,143,12.7781
2024-07-19T04:00:00Z,12.72,12.72,12.5,12.5,6645,66,12.6242
2024-07-22T04:00:00Z,12.67,12.7599,12.65,12.67,11135,89,12.6723
2024-07-23T04:00:00Z,12.6,12.6707,12.6,12.61,12165,91,12.6211
2024-07-24T04:00:00Z,12.58,12.58,12.43,12.44,29258,248,12.4649
2024-07-25T04:00:00Z,12.4,12.4461,12.3,12.32,8359,55,12.3804
2024-07-26T04:00:00Z,12.44,12.44,12.335,12.425,5802,34,12.3958
2024-07-29T04:00:00Z,12.43,12.43,12.37,12.4,15928,110,12.399
2024-07-30T04:00:00Z,12.49,12.49,12.3069,12.35,22284,88,12.3968
2024-07-31T04:00:00Z,12.57,12.6395,12.52,12.6,55563,173,12.5845
2024-08-01T04:00:00Z,12.62,12.6599,12.5,12.53,18444,133,12.5998
2024-08-02T04:00:00Z,12.33,12.33,12.21,12.24,18700,83,12.2538
2024-08-05T04:00:00Z,11.75,11.89,11.41,11.8,34663,239,11.7387
2024-08-06T04:00:00Z,11.8,11.909,11.79,11.86,17565,91,11.8703
2024-08-07T04:00:00Z,12.13,12.175,11.96,12.01,7927,43,12.1105
2024-08-08T04:00:00Z,12.1,12.27,12.1,12.265,10373,80,12.2189
2024-08-09T04:00:00Z,12.29,12.38,12.2489,12.34,11551,91,12.3192
2024-08-12T04:00:00Z,12.26,12.425,12.26,12.41,21434,104,12.352
2024-08-13T04:00:00Z,12.39,12.6,12.39,12.45,15728,169,12.4509
2024-08-14T04:00:00Z,12.47,12.5,12.44,12.47,8224,74,12.4822
2024-08-15T04:00:00Z,12.53,12.6099,12.4601,12.54,6797,34,12.5342
2024-08-16T04:00:00Z,12.55,12.74,12.55,12.7,13509,79,12.6997
2024-08-19T04:00:00Z,12.78,12.9475,12.78,12.87,6331,58,12.8694
2024-08-20T04:00:00Z,12.87,12.87,12.7466,12.8,9332,47,12.7949
2024-08-21T04:00:00Z,12.735,12.8,12.735,12.78,7806,54,12.7794
2024-08-22T04:00:00Z,12.74,12.77,12.58,12.58,12213,92,12.672
2024-08-23T04:00:00Z,12.71,12.83,12.65,12.83,18619,75,12.7632
2024-08-26T04:00:00Z,12.75,12.98,12.75,12.84,21859,152,12.8368
2024-08-27T04:00:00Z,12.82,12.825,12.76,12.7881,11983,49,12.7892
2024-08-28T04:00:00Z,12.81,12.81,12.76,12.79,10939,99,12.788
2024-08-29T04:00:00Z,12.78,12.8429,12.7666,12.8429,6333,45,12.8206
2024-08-30T04:00:00Z,12.82,12.85,12.8,12.81,10426,54,12.8288
2024-09-03T04:00:00Z,12.75,12.84,12.69,12.691,88818,300,12.7711
2024-09-04T04:00:00Z,12.69,12.83,12.68,12.71,7106,43,12.7334
2024-09-05T04:00:00Z,12.71,12.85,12.71,12.73,4176,39,12.7499
2024-09-06T04:00:00Z,12.73,12.73,12.45,12.53,14556,51,12.5966
2024-09-09T04:00:00Z,12.51,12.55,12.49,12.5,6763,36,12.5151
2024-09-10T04:00:00Z,12.55,12.78,12.48,12.49,13215,90,12.5068
2024-09-11T04:00:00Z,12.44,12.73,12.4021,12.49,2201,33,12.5055
2024-09-12T04:00:00Z,12.52,12.74,12.44,12.59,21404,139,12.5772
2024-09-13T04:00:00Z,12.62,12.85,12.62,12.72,5597,30,12.6847
2024-09-16T04:00:00Z,12.71,12.74,12.63,12.66,49985,61,12.6851
2024-09-17T04:00:00Z,12.76,12.93,12.659,12.7,61160,135,12.7058
2024-09-18T04:00:00Z,12.63,12.76,12.499,12.6,79450,303,12.6716
2024-09-19T04:00:00Z,12.76,12.91,12.76,12.83,37614,249,12.8193
2024-09-20T04:00:00Z,12.77,12.93,12.77,12.84,60653,300,12.8225
2024-09-23T04:00:00Z,12.88,12.9693,12.86,12.86,12512,91,12.9152
2024-09-24T04:00:00Z,13.02,13.3,13.02,13.2,28742,197,13.2169
2024-09-25T04:00:00Z,13.14,13.31,13.14,13.15,20279,111,13.1752
2024-09-26T04:00:00Z,13.45,13.64,13.45,13.59,40174,259,13.5778
2024-09-27T04:00:00Z,13.65,13.8,13.65,13.77,12384,66,13.7705
2024-09-30T04:00:00Z,13.7,13.83,13.522,13.54,22672,208,13.5728
2024-10-01T04:00:00Z,13.59,13.8,13.44,13.53,29936,175,13.5166
2024-10-02T04:00:00Z,13.77,13.8,13.63,13.74,26896,189,13.7406
2024-10-03T04:00:00Z,13.59,13.79,13.47,13.59,83795,284,13.5545
2024-10-04T04:00:00Z,13.72,13.9,13.5,13.71,14545,102,13.678
2024-10-07T04:00:00Z,13.77,14.18,13.77,14.1,191203,1187,14.0279
2024-10-08T04:00:00Z,13.88,13.91,13.604,13.69,28284,267,13.6746
2024-10-09T04:00:00Z,13.53,14.12,13.53,13.6237,15610,112,13.6488
2024-10-10T04:00:00Z,13.62,14.44,13.62,13.71,4584,35,13.7158
2024-10-11T04:00:00Z,13.58,14.17,13.58,13.87,92085,497,13.8257
2024-10-14T04:00:00Z,13.85,14.2,13.79,13.81,15640,98,13.8612
2024-10-15T04:00:00Z,13.72,13.82,13.51,13.53,8377,74,13.6198
2024-10-16T04:00:00Z,13.68,13.68,13.5,13.52,27128,228,13.5811
2024-10-17T04:00:00Z,13.46,13.46,13.31,13.32,26427,304,13.3751
2024-10-18T04:00:00Z,13.49,13.53,13.27,13.37,39098,393,13.4444
2024-10-21T04:00:00Z,13.25,13.31,13.23,13.26,62035,89,13.2472
2024-10-22T04:00:00Z,13.23,13.36,13.05,13.26,50609,559,13.245
2024-10-23T04:00:00Z,13.19,13.225,12.94,13.13,62190,170,13.1533
2024-10-24T04:00:00Z,13.15,13.17,13.06,13.13,20508,146,13.1237
2024-10-25T04:00:00Z,13.13,13.27,13.13,13.13,7555,61,13.1926
2024-10-28T04:00:00Z,13.17,13.37,13.0194,13.21,14681,129,13.2372
2024-10-29T04:00:00Z,13.21,13.255,13.19,13.2,6043,72,13.2332
2024-10-30T04:00:00Z,13.09,13.11,13.02,13.03,15402,105,13.0568
2024-10-31T04:00:00Z,13.01,13.01,12.88,12.94,22441,172,12.9365
2024-11-01T04:00:00Z,13.01,13.13,12.97,13.02,19607,103,13.0768
2024-11-04T05:00:00Z,13.09,13.17,13.05,13.07,24779,136,13.1019
2024-11-05T05:00:00Z,13.19,13.4238,13.1301,13.27,19923,183,13.2183
2024-11-06T05:00:00Z,13.07,13.4693,12.9523,13.07,34214,247,13.0477
2024-11-07T05:00:00Z,13.21,13.34,13.18,13.31,56902,421,13.2501
2024-11-08T05:00:00Z,13.04,13.16,12.972,13.1,46956,357,13.045
2024-11-11T05:00:00Z,13.1,13.205,13.0091,13.05,7954,54,13.0738
2024-11-12T05:00:00Z,12.91,12.91,12.73,12.73,11680,95,12.7748
2024-11-13T05:00:00Z,12.76,12.77,12.5,12.69,10992,102,12.709
2024-11-14T05:00:00Z,12.66,12.684,12.5,12.59,15065,52,12.6521
2024-11-15T05:00:00Z,12.64,12.64,12.59,12.64,6092,43,12.6266
2024-11-18T05:00:00Z,12.68,12.77,12.55,12.72,10729,68,12.7429
2024-11-19T05:00:00Z,12.7,12.81,12.5,12.72,40843,219,12.7406
2024-11-20T05:00:00Z,12.59,12.74,12.59,12.63,23312,155,12.6456
2024-11-21T05:00:00Z,12.64,12.64,12.46,12.52,50024,388,12.5495
2024-11-22T05:00:00Z,12.49,12.6098,12.49,12.54,23414,356,12.552
2024-11-25T05:00:00Z,12.61,12.67,12.61,12.66,18728,181,12.6299
2024-11-26T05:00:00Z,12.69,12.69,12.51,12.56,25139,130,12.5534
2024-11-27T05:00:00Z,12.62,12.7299,12.6,12.65,14129,79,12.6555
2024-11-29T05:00:00Z,12.52,12.66,12.5,12.61,28974,151,12.5817
2024-12-02T05:00:00Z,12.59,12.69,12.52,12.65,28409,208,12.6572
2024-12-03T05:00:00Z,12.64,12.73,12.59,12.69,101698,327,12.626
2024-12-04T05:00:00Z,12.73,12.73,12.63,12.71,9233,97,12.7125
2024-12-05T05:00:00Z,12.71,12.85,12.5,12.76,42421,213,12.7761
2024-12-06T05:00:00Z,12.81,12.83,12.68,12.68,45541,395,12.7558
2024-12-09T05:00:00Z,12.84,13.0402,12.84,12.98,25183,175,12.9525
2024-12-10T05:00:00Z,12.86,13.14,12.55,12.6,89903,515,12.7579
2024-12-11T05:00:00Z,12.7,12.88,12.55,12.81,31345,213,12.7728
2024-12-12T05:00:00Z,12.83,12.85,12.59,12.77,18559,164,12.7596
2024-12-13T05:00:00Z,12.83,12.835,12.63,12.82,15805,114,12.8051
2024-12-16T05:00:00Z,12.36,12.475,12.04,12.29,66210,473,12.3587
2024-12-17T05:00:00Z,12.16,12.245,12.04,12.2,42928,307,12.1855
2024-12-18T05:00:00Z,12.18,12.26,11.61,12.04,67589,493,12.2184
2024-12-19T05:00:00Z,12.26,12.26,11.77,12.08,38852,214,12.119
2024-12-20T05:00:00Z,12.01,12.17,11.89,11.97,107664,686,12.0392
2024-12-23T05:00:00Z,11.93,12.1,11.92,11.99,125226,601,12.0235
2024-12-24T05:00:00Z,12.06,12.115,11.99,12,193030,1047,12.0051
2024-12-26T05:00:00Z,12.01,12.05,11.965,12,146449,743,11.986
2024-12-27T05:00:00Z,11.92,11.98,11.89,11.945,52760,395,11.9265
2024-12-30T05:00:00Z,11.88,12.03,11.83,11.98,94380,861,11.9306
2024-12-31T05:00:00Z,12.08,12.08,11.92,11.95,81315,493,12.0063
2025-01-02T05:00:00Z,11.95,12.03,11.92,11.97,38655,533,11.9976
2025-01-03T05:00:00Z,12.1,12.13,12.06,12.09,17018,145,12.0933
2025-01-06T05:00:00Z,12.18,12.2855,12.14,12.17,15355,102,12.2078
2025-01-07T05:00:00Z,12.22,12.284,12.08,12.08,93675,535,12.1428
2025-01-08T05:00:00Z,12.07,12.07,11.97,12.01,57105,282,12.0016
2025-01-10T05:00:00Z,11.92,11.9517,11.77,11.8,17542,166,11.8256
2025-01-13T05:00:00Z,11.71,11.8,11.71,11.76,24530,120,11.7411
2025-01-14T05:00:00Z,11.83,11.8938,11.83,11.88,19793,114,11.866
2025-01-15T05:00:00Z,11.97,12.0267,11.9677,12,31095,231,11.9815
2025-01-16T05:00:00Z,12.07,12.07,11.99,12,186436,673,12.0148
2025-01-17T05:00:00Z,12,12.14,12,12.07,51683,542,12.0669
2025-01-21T05:00:00Z,12.07,12.2245,12.07,12.19,37142,142,12.1619
2025-01-22T05:00:00Z,12.16,12.244,12.02,12.19,21304,171,12.174
2025-01-23T05:00:00Z,12.16,12.24,12.14,12.2243,13331,70,12.2133
2025-01-24T05:00:00Z,12.26,12.3652,12.26,12.32,23661,95,12.3188
2025-01-27T05:00:00Z,12.21,12.21,12.02,12.15,15964,97,12.14
2025-01-28T05:00:00Z,12.09,12.18,12.05,12.15,53545,265,12.0843
2025-01-29T05:00:00Z,12.18,12.23,12.18,12.21,67091,426,12.1906
2025-01-30T05:00:00Z,12.26,12.37,12.2,12.29,128637,294,12.2313
2025-01-31T05:00:00Z,12.31,12.31,12.21,12.27,53449,279,12.2448
2025-02-03T05:00:00Z,12.14,12.24,12.12,12.2,22555,174,12.1997
2025-02-04T05:00:00Z,12.29,12.37,12.2212,12.35,61303,378,12.307
2025-02-05T05:00:00Z,12.35,12.365,12.3,12.36,24189,153,12.3454
2025-02-06T05:00:00Z,12.3278,12.45,12.3278,12.43,20124,166,12.4222
2025-02-07T05:00:00Z,12.51,12.56,12.45,12.53,54814,407,12.515
2025-02-10T05:00:00Z,12.65,12.69,12.55,12.66,22594,207,12.6494
2025-02-11T05:00:00Z,12.62,12.65,12.57,12.61,60694,305,12.5966
2025-02-12T05:00:00Z,12.56,12.78,12.56,12.78,26380,192,12.7188
2025-02-13T05:00:00Z,12.69,12.77,12.69,12.77,6955,100,12.7267
2025-02-14T05:00:00Z,12.82,13,12.82,12.96,11298,113,12.9234
2025-02-18T05:00:00Z,13.07,13.22,13.01,13.105,32955,318,13.1283
2025-02-19T05:00:00Z,13.1,13.16,13.1,13.13,15303,107,13.1306
2025-02-20T05:00:00Z,13.17,13.3,13.17,13.3,26699,229,13.2525
2025-02-21T05:00:00Z,13.31,13.37,13.2768,13.305,25509,119,13.3202
2025-02-24T05:00:00Z,13.29,13.29,13.01,13.07,26342,191,13.1519
2025-02-25T05:00:00Z,13.03,13.08,12.92,12.98,20472,96,13.034
2025-02-26T05:00:00Z,13.08,13.2696,13.08,13.17,19622,100,13.1637
2025-02-27T05:00:00Z,13.16,13.16,12.81,12.81,21984,96,12.9904
2025-02-28T05:00:00Z,12.7,12.9,12.48,12.7,30516,159,12.7194
2025-03-03T05:00:00Z,12.72,12.84,12.66,12.67,45492,300,12.7433
2025-03-04T05:00:00Z,12.66,12.82,12.599,12.72,35216,159,12.6727
2025-03-05T05:00:00Z,12.85,13.2,12.85,13.14,11399,67,13.0868
2025-03-06T05:00:00Z,13.05,13.145,13.01,13.05,62624,242,13.0635
2025-03-07T05:00:00Z,13.04,13.17,12.88,13.1,37862,246,13.0783
2025-03-10T04:00:00Z,12.92,13.04,12.73,12.75,49232,616,12.8265
2025-03-11T04:00:00Z,12.87,12.89,12.7576,12.89,16417,149,12.8584
2025-03-12T04:00:00Z,12.95,12.9999,12.91,12.97,20824,67,12.9576
2025-03-13T04:00:00Z,12.89,12.98,12.8201,12.9,28468,118,12.9306
2025-03-14T04:00:00Z,13.01,13.18,13.01,13.1,14513,126,13.1328
2025-03-17T04:00:00Z,12.97,13.25,12.865,13.23,26799,134,13.1228
2025-03-18T04:00:00Z,13.15,13.33,13.15,13.25,134300,688,13.2737
2025-03-19T04:00:00Z,13.33,13.8,13.19,13.49,958059,1886,13.6954
2025-03-20T04:00:00Z,13.35,13.43,13.29,13.29,15297,127,13.3659
2025-03-21T04:00:00Z,13.13,13.26,13.13,13.19,12452,120,13.1822
2025-03-24T04:00:00Z,13.33,13.33,13.27,13.31,8505,63,13.3035
2025-03-25T04:00:00Z,13.26,13.26,13.17,13.2,16727,150,13.2139
2025-03-26T04:00:00Z,13.18,13.2984,13.07,13.07,11698,71,13.116
2025-03-27T04:00:00Z,13.09,13.205,13.09,13.17,6526,61,13.1602
2025-03-28T04:00:00Z,13.05,13.1,12.9059,13.01,46140,437,12.977
2025-03-31T04:00:00Z,12.88,12.9381,12.81,12.85,22412,90,12.8637
2025-04-01T04:00:00Z,12.83,12.9865,12.83,12.9,37672,272,12.9026
2025-04-02T04:00:00Z,12.9,12.96,12.9,12.93,5052,75,12.9267
2025-04-03T04:00:00Z,12.68,12.75,12.65,12.66,21959,196,12.7065
2025-04-04T04:00:00Z,12.16,12.2154,11.725,11.81,42891,339,11.9138
2025-04-07T04:00:00Z,11.26,11.59,11.199,11.26,65220,378,11.3639
2025-04-08T04:00:00Z,11.7,11.99,11.25,11.29,74693,297,11.3483
2025-04-09T04:00:00Z,11.29,11.91,11.14,11.81,79223,409,11.293
2025-04-10T04:00:00Z,11.7,12.02,11.6306,11.87,48981,278,11.7299
2025-04-11T04:00:00Z,11.87,12.14,11.87,12.07,21986,183,11.9788
2025-04-14T04:00:00Z,12.19,12.28,12.14,12.24,13724,118,12.2174
2025-04-15T04:00:00Z,12.26,12.3745,12.2,12.21,9618,98,12.2415
2025-04-16T04:00:00Z,12.19,12.21,12.04,12.06,10409,91,12.1475
2025-04-17T04:00:00Z,12.22,12.22,12.14,12.18,13285,89,12.1904
2025-04-21T04:00:00Z,12.2447,12.2447,12.04,12.12,10450,118,12.1121
2025-04-22T04:00:00Z,12.21,12.34,12.21,12.29,70493,324,12.2737
2025-04-23T04:00:00Z,12.48,12.596,12.474,12.475,8364,83,12.5232
2025-04-24T04:00:00Z,12.53,12.67,12.53,12.67,6985,74,12.6176
2025-04-25T04:00:00Z,12.64,12.64,12.58,12.62,5702,49,12.6197
2025-04-28T04:00:00Z,12.67,12.67,12.58,12.625,17686,127,12.6311
2025-04-29T04:00:00Z,12.59,12.7164,12.59,12.61,30108,160,12.6546
2025-04-30T04:00:00Z,12.58,12.6983,12.575,12.68,37685,159,12.626
2025-05-01T04:00:00Z,12.72,12.7575,12.68,12.68,32112,139,12.7177
2025-05-02T04:00:00Z,13.12,13.14,12.9901,13.11,27622,153,13.0801
2025-05-05T04:00:00Z,13.14,13.2504,13.14,13.17,11813,52,13.1832
2025-05-06T04:00:00Z,13.07,13.1441,13.04,13.04,8039,69,13.1019
2025-05-07T04:00:00Z,12.98,12.98,12.905,12.905,12119,75,12.947
2025-05-08T04:00:00Z,12.92,13.0058,12.92,12.97,10726,66,12.9479
2025-05-09T04:00:00Z,13.05,13.055,13.01,13.02,33400,66,13.0467
2025-05-12T04:00:00Z,13.32,13.35,12.85,13.2969,56274,157,13.3092
2025-05-13T04:00:00Z,13.27,13.5,13.27,13.48,20868,190,13.4193
2025-05-14T04:00:00Z,13.57,13.6868,13.56,13.56,10237,66,13.5984
2025-05-15T04:00:00Z,13.53,13.63,13.49,13.56,8370,63,13.5799
2025-05-16T04:00:00Z,13.53,13.5786,13.4964,13.54,3560,37,13.5294
2025-05-19T04:00:00Z,13.39,13.6,13.39,13.54,20426,142,13.5134
2025-05-20T04:00:00Z,13.53,13.545,13.5,13.52,8643,98,13.5117
2025-05-21T04:00:00Z,13.53,13.599,13.52,13.52,5061,43,13.5599
2025-05-22T04:00:00Z,13.42,13.4685,13.31,13.42,5790,57,13.4117
2025-05-23T04:00:00Z,13.38,13.47,13.325,13.43,8698,70,13.4297
2025-05-27T04:00:00Z,13.46,13.46,13.4,13.44,6258,51,13.4291
2025-05-28T04:00:00Z,13.42,13.55,13.3401,13.53,34402,119,13.4649
2025-05-29T04:00:00Z,13.62,13.62,13.55,13.55,12673,61,13.5745
2025-05-30T04:00:00Z,13.43,13.5742,13.43,13.5,10753,44,13.4685
2025-06-02T04:00:00Z,13.45,13.4755,13.44,13.4607,3725,57,13.4543
2025-06-03T04:00:00Z,13.5,13.59,13.5,13.59,5696,51,13.5449
2025-06-04T04:00:00Z,13.63,13.8364,13.63,13.8364,11515,84,13.7194
2025-06-05T04:00:00Z,13.9,14,13.8,13.83,12466,76,13.8632
2025-06-06T04:00:00Z,13.84,13.91,13.72,13.88,11104,78,13.8238
2025-06-09T04:00:00Z,13.91,14.11,13.91,14.07,6049,69,14.0057
2025-06-10T04:00:00Z,14.06,14.154,14.06,14.1,2989,38,14.1165
2025-06-11T04:00:00Z,14.16,14.225,14.0965,14.19,9958,81,14.1782
2025-06-12T04:00:00Z,14.17,14.2395,14.0919,14.235,2101,32,14.2087
2025-06-13T04:00:00Z,13.99,14.05,13.74,13.97,20008,115,13.9984
2025-06-16T04:00:00Z,13.95,14.05,13.95,14,25247,154,13.9911
2025-06-17T04:00:00Z,13.92,14,13.75,13.835,18884,132,13.8403
2025-06-18T04:00:00Z,13.86,13.9699,13.7111,13.861,15675,78,13.8876
2025-06-20T04:00:00Z,13.9,14.1789,13.81,13.9,10691,80,13.9393
2025-06-23T04:00:00Z,13.9,13.96,13.86,13.9,8274,92,13.9069
2025-06-24T04:00:00Z,14.11,14.32,14.0789,14.32,17105,106,14.2049
2025-06-25T04:00:00Z,14.36,14.43,14.31,14.36,4257,46,14.3652
2025-06-26T04:00:00Z,14.36,14.4945,14.33,14.465,7492,76,14.4302
2025-06-27T04:00:00Z,14.39,14.52,14.38,14.5,32041,244,14.452
2025-06-30T04:00:00Z,14.49,14.61,14.395,14.59,34920,251,14.5237
2025-07-01T04:00:00Z,14.57,14.66,14.36,14.65,33661,304,14.5884
2025-07-02T04:00:00Z,14.59,14.75,14.36,14.71,32667,204,14.6923
2025-07-03T04:00:00Z,14.7,14.915,14.7,14.86,38309,229,14.8415
2025-07-07T04:00:00Z,14.75,14.78,14.6714,14.7,58015,315,14.7253
2025-07-08T04:00:00Z,14.74,14.84,14.7082,14.84,22105,102,14.8094
2025-07-09T04:00:00Z,14.88,14.92,14.8296,14.9174,22882,116,14.8797
2025-07-10T04:00:00Z,14.9,14.99,14.7801,14.95,10052,77,14.92
2025-07-11T04:00:00Z,14.89,14.9,14.85,14.9,85666,111,14.8985
2025-07-14T04:00:00Z,14.85,14.93,14.85,14.88,10624,85,14.8856
2025-07-15T04:00:00Z,15.05,15.0799,14.94,14.97,18742,113,14.9741
2025-07-16T04:00:00Z,14.96,14.96,14.85,14.93,7593,60,14.8821
2025-07-17T04:00:00Z,14.93,15,14.7312,14.875,7602,84,14.8983
2025-07-18T04:00:00Z,14.83,14.93,14.7755,14.79,20779,145,14.8399
2025-07-21T04:00:00Z,14.79,14.8988,14.74,14.82,50070,166,14.8476
2025-07-22T04:00:00Z,14.8,14.88,14.77,14.84,69516,93,14.8015
2025-07-23T04:00:00Z,14.97,15.09,14.96,15.09,11755,74,15.015
2025-07-24T04:00:00Z,15.12,15.13,15.06,15.1,21516,212,15.1011
2025-07-25T04:00:00Z,14.95,15.095,14.94,14.95,20986,93,14.9967
2025-07-28T04:00:00Z,14.89,15.0896,14.89,14.91,8725,74,14.9401
2025-07-29T04:00:00Z,14.91,15.05,14.91,15.04,48960,176,15.0298
2025-07-30T04:00:00Z,15.03,15.0538,14.97,15.034,6417,54,15.0001
2025-07-31T04:00:00Z,15.02,15.04,14.945,14.97,36085,133,14.9987
2025-08-01T04:00:00Z,14.9,15.08,14.9,15.01,10907,48,14.9574
2025-08-04T04:00:00Z,15.01,15.101,14.1,14.82,20529,218,14.7199
2025-08-05T04:00:00Z,14.85,14.95,14.84,14.88,21016,148,14.8857
2025-08-06T04:00:00Z,14.92,14.925,14.83,14.92,10368,85,14.8862
2025-08-07T04:00:00Z,15.01,15.12,15.01,15.05,23939,105,15.0714
2025-08-08T04:00:00Z,15.07,15.12,15.015,15.11,9510,82,15.0849
2025-08-11T04:00:00Z,15.05,15.21,15.05,15.18,10979,79,15.1619
2025-08-12T04:00:00Z,15.24,15.32,15.05,15.25,9323,86,15.2273
2025-08-13T04:00:00Z,15.34,15.54,15.33,15.54,21662,107,15.3954
2025-08-14T04:00:00Z,15.35,15.43,15.335,15.34,13990,122,15.3904
2025-08-15T04:00:00Z,15.42,15.49,15.3297,15.42,4351,45,15.4177
2025-08-18T04:00:00Z,15.44,15.59,15.43,15.59,4168,76,15.5085
2025-08-19T04:00:00Z,15.47,15.55,15.43,15.43,14151,85,15.4698
2025-08-20T04:00:00Z,15.42,15.42,15.26,15.36,10673,67,15.3524
2025-08-21T04:00:00Z,15.26,15.48,15.26,15.3,3129,48,15.3291
2025-08-22T04:00:00Z,15.37,15.6099,15.3,15.54,11634,88,15.4419
2025-08-25T04:00:00Z,15.55,15.63,15.465,15.56,9798,93,15.5531
2025-08-26T04:00:00Z,15.59,15.6575,15.5,15.51,7594,95,15.5348
2025-08-27T04:00:00Z,15.41,15.5336,15.4,15.41,6450,43,15.4188
2025-08-28T04:00:00Z,15.55,15.6597,15.29,15.355,28943,112,15.458
2025-08-29T04:00:00Z,15.31,15.31,15.2067,15.2688,3403,55,15.2437
2025-09-02T04:00:00Z,15.49,15.615,15.11,15.12,15117,131,15.312
2025-09-03T04:00:00Z,15.13,15.6899,15.13,15.16,5635,53,15.2528
2025-09-04T04:00:00Z,15.08,15.365,15.08,15.21,19399,132,15.1763
2025-09-05T04:00:00Z,15.39,15.6659,15.3,15.35,7489,59,15.4284
2025-09-08T04:00:00Z,15.39,15.7583,15.39,15.55,6591,71,15.6035
2025-09-09T04:00:00Z,15.57,15.8,15.52,15.65,14514,114,15.6333
2025-09-10T04:00:00Z,15.73,15.94,15.73,15.89,4194,58,15.8644
2025-09-11T04:00:00Z,15.89,16.1,15.89,16.04,9387,92,15.9468
2025-09-12T04:00:00Z,16.07,16.09,15.9843,16.09,1761,31,16.0294
2025-09-15T04:00:00Z,16.09,16.3225,16.09,16.3225,32523,217,16.1596
2025-09-16T04:00:00Z,16.46,16.61,16.37,16.51,16205,153,16.4532
2025-09-17T04:00:00Z,16.54,16.77,16.54,16.68,23249,182,16.7124
2025-09-18T04:00:00Z,16.53,16.6399,16.2338,16.5,25542,180,16.5314
2025-09-19T04:00:00Z,16.54,16.54,16.2046,16.48,9493,92,16.4457
2025-09-22T04:00:00Z,16.48,16.59,16.29,16.45,4553,65,16.438
2025-09-23T04:00:00Z,16.49,16.6,16.3611,16.49,6909,122,16.4545
2025-09-24T04:00:00Z,16.55,16.5795,16.46,16.511,11731,125,16.5271
2025-09-25T04:00:00Z,16.57,16.57,16.3745,16.49,11060,92,16.5228
2025-09-26T04:00:00Z,16.37,16.37,16.12,16.27,6894,78,16.2606
2025-09-29T04:00:00Z,16.39,16.7,16.24,16.7,40029,333,16.4169
2025-09-30T04:00:00Z,16.65,16.98,16.38,16.74,26583,156,16.7846
2025-10-01T04:00:00Z,16.74,16.94,16.5401,16.74,12172,95,16.8014
2025-10-02T04:00:00Z,16.93,16.95,16.6,16.9,14421,100,16.7731
2025-10-03T04:00:00Z,16.91,17,16.71,16.87,13228,233,16.8962
2025-10-06T04:00:00Z,16.92,17.29,16.8353,17.055,21010,121,17.0092
2025-10-07T04:00:00Z,17.06,17.07,16.96,17.06,13600,73,17.0057
2025-10-08T04:00:00Z,17.11,17.2,17,17,23744,188,17.1286
2025-10-09T04:00:00Z,17.09,17.198,16.9,17.02,7054,76,17.0127
2025-10-10T04:00:00Z,17.01,17.18,16.29,16.41,8465,98,16.7203
2025-10-13T04:00:00Z,16.82,17.0484,16.38,16.38,25063,148,16.8894
2025-10-14T04:00:00Z,16.23,16.39,16.0733,16.3,21957,107,16.2855
2025-10-15T04:00:00Z,16.43,16.7,16.43,16.52,10819,96,16.5893
2025-10-16T04:00:00Z,16.77,16.948,16.42,16.78,162783,249,16.7362
2025-10-17T04:00:00Z,16.76,16.8,16.6859,16.8,12408,107,16.763
2025-10-20T04:00:00Z,16.86,17.0033,16.86,17,11941,85,16.9528
2025-10-21T04:00:00Z,17.01,17.1,16.83,16.93,11941,94,16.9542
2025-10-22T04:00:00Z,16.89,17.19,16.82,16.93,5075,51,16.9197
2025-10-23T04:00:00Z,16.87,17.16,16.87,17.03,23345,147,16.998
2025-10-24T04:00:00Z,17.09,17.215,17.05,17.17,20953,150,17.1279
2025-10-27T04:00:00Z,17.35,17.47,17.16,17.45,19676,147,17.3778
2025-10-28T04:00:00Z,17.42,17.51,17.22,17.46,19367,128,17.441
2025-10-29T04:00:00Z,17.57,18.0093,17.57,17.82,36989,231,17.7571
2025-10-30T04:00:00Z,17.79,17.9,17.6401,17.85,21663,132,17.7707
2025-10-31T04:00:00Z,17.77,17.785,17.56,17.56,21584,161,17.6764
2025-11-03T05:00:00Z,17.75,17.75,17.56,17.72,14522,140,17.676
2025-11-04T05:00:00Z,17.5,17.73,17.5,17.61,37130,251,17.6268
2025-11-05T05:00:00Z,17.59,17.7669,17.59,17.73,35355,122,17.7201
2025-11-06T05:00:00Z,17.655,17.7585,17.57,17.64,7462,117,17.6709
2025-11-07T05:00:00Z,17.51,17.6299,17.43,17.46,9017,76,17.5263
2025-11-10T05:00:00Z,17.81,17.81,17.55,17.65,36697,220,17.6658
2025-11-11T05:00:00Z,17.61,17.83,17.61,17.81,35040,174,17.7721
2025-11-12T05:00:00Z,17.84,17.91,17.5368,17.58,26464,176,17.6916
2025-11-13T05:00:00Z,17.59,17.7543,17.44,17.48,51749,185,17.5315
2025-11-14T05:00:00Z,17.32,17.6375,17.21,17.21,19801,159,17.3437
2025-11-17T05:00:00Z,17.14,17.19,16.8,16.93,51388,183,17.1086
2025-11-18T05:00:00Z,16.81,16.8185,16.6525,16.76,83797,175,16.7065
2025-11-19T05:00:00Z,16.76,16.87,16.72,16.77,13647,93,16.774
2025-11-20T05:00:00Z,16.83,16.9502,16.62,16.63,18655,123,16.7981
2025-11-21T05:00:00Z,16.39,16.59,16.17,16.56,16130,174,16.4844
2025-11-24T05:00:00Z,16.54,16.6,16.43,16.5,36758,291,16.5137
2025-11-25T05:00:00Z,16.43,16.64,16.43,16.6,18517,137,16.5603
2025-11-26T05:00:00Z,16.67,16.84,16.67,16.84,14536,192,16.7715
2025-11-28T05:00:00Z,16.81,17,16.75,16.83,4566,66,16.8652
2025-12-01T05:00:00Z,16.83,17.04,16.83,17,12722,121,16.9495
2025-12-02T05:00:00Z,17.06,17.06,16.9,17.04,27239,224,16.9878
2025-12-03T05:00:00Z,17.03,17.16,16.94,17.06,34845,255,17.0344
2025-12-04T05:00:00Z,17.07,17.26,17.0595,17.15,28087,221,17.1543
2025-12-05T05:00:00Z,17.29,17.44,17.24,17.42,26157,226,17.375
2025-12-08T05:00:00Z,17.48,17.7799,17.4516,17.6,48049,318,17.6438
2025-12-09T05:00:00Z,17.55,17.63,17.5,17.62,35390,150,17.5897
2025-12-10T05:00:00Z,17.55,17.68,17.425,17.64,65511,243,17.6191
2025-12-11T05:00:00Z,17.6,17.735,17.46,17.56,19086,218,17.5355
2025-12-12T05:00:00Z,17.47,17.78,17.47,17.57,36804,327,17.5687
2025-12-15T05:00:00Z,16.69,16.76,16.59,16.71,24757,175,16.68
2025-12-16T05:00:00Z,16.56,16.61,16.45,16.57,27747,198,16.5088
2025-12-17T05:00:00Z,16.61,16.62,16.28,16.28,51205,258,16.4587
2025-12-18T05:00:00Z,16.34,16.5051,16.2,16.21,57128,393,16.3666
2025-12-19T05:00:00Z,16.26,16.39,16.26,16.38,18485,178,16.3216
2025-12-22T05:00:00Z,16.41,16.485,16.32,16.45,19545,159,16.389
2025-12-23T05:00:00Z,16.39,16.7099,16.39,16.41,34287,142,16.5465
2025-12-24T05:00:00Z,16.42,16.7463,16.41,16.48,8498,64,16.5095
2025-12-26T05:00:00Z,16.58,16.94,16.5001,16.66,25813,200,16.6001
2025-12-29T05:00:00Z,16.6,16.98,16.51,16.75,29064,228,16.6406
2025-12-30T05:00:00Z,16.8,17.4799,16.8,17.37,120131,930,17.2951
2025-12-31T05:00:00Z,17.4,17.44,16.955,17.03,81779,241,17.2422
