timestamp,open,high,low,close,volume,tradeCount,vwap
2022-06-27T04:00:00Z,24.65,24.9,24.35,24.62,33584,101,24.6834
2022-06-28T04:00:00Z,24.8,24.8,24.65,24.7,15719,76,24.7032
2022-06-29T04:00:00Z,24.69,24.8,24.67,24.8,7590,33,24.724
2022-06-30T04:00:00Z,24.79,25.25,24.7,25.13,34508,83,24.9225
2022-07-01T04:00:00Z,25.1,25.99,25.1,25.1,4107,41,25.1687
2022-07-05T04:00:00Z,25,25.1826,25,25.15,871,6,25.1366
2022-07-06T04:00:00Z,24.72,24.95,24.6018,24.79,17083,100,24.7425
2022-07-07T04:00:00Z,24.96,25,24.83,24.88,4139,16,24.8971
2022-07-08T04:00:00Z,25,25.08,24.85,25,3855,16,24.9664
2022-07-11T04:00:00Z,24.9,25,24.8793,24.9,7604,25,24.9225
2022-07-12T04:00:00Z,24.98,24.99,24.85,24.85,5050,18,24.9408
2022-07-13T04:00:00Z,24.9863,24.9863,24.9863,24.9863,200,1,24.9863
2022-07-14T04:00:00Z,25,25,24.8,24.9305,7480,21,24.9187
2022-07-15T04:00:00Z,25,25,24.9,24.99,5300,15,24.9864
2022-07-18T04:00:00Z,25,25,25,25,2360,6,25
2022-07-19T04:00:00Z,25,25,24.8,24.85,5984,25,24.8832
2022-07-20T04:00:00Z,24.9,24.9,24.77,24.77,1860,6,24.8522
2022-07-21T04:00:00Z,24.7,24.8514,24.6,24.75,12990,45,24.7486
2022-07-22T04:00:00Z,24.84,24.85,24.82,24.83,4683,29,24.8388
2022-07-25T04:00:00Z,24.83,24.85,24.6,24.85,16707,65,24.7389
2022-07-26T04:00:00Z,24.53,24.95,24.53,24.8,3700,18,24.7553
2022-07-27T04:00:00Z,24.8,25.34,24.8,25,4471,14,25.075
2022-07-28T04:00:00Z,25.15,25.16,24.8,24.97,7376,38,25.0311
2022-07-29T04:00:00Z,25.1,25.1,25.05,25.05,5008,5,25.07
2022-08-01T04:00:00Z,25.33,25.33,25.15,25.15,2250,10,25.22
2022-08-02T04:00:00Z,25.25,25.25,25.25,25.25,279,3,25.25
2022-08-03T04:00:00Z,25.25,25.25,25.25,25.25,1550,1,25.25
2022-08-04T04:00:00Z,25.2,25.25,25.15,25.25,9600,21,25.2163
2022-08-05T04:00:00Z,25.05,25.25,25.05,25.2,8566,12,25.2019
2022-08-08T04:00:00Z,25.35,25.35,25.3165,25.35,4312,11,25.3382
2022-08-09T04:00:00Z,25.4,25.45,25.4,25.45,1490,6,25.431
2022-08-10T04:00:00Z,25.4,25.45,25.25,25.25,3502,10,25.386
2022-08-11T04:00:00Z,25.45,25.45,25.44,25.44,1650,6,25.4493
2022-08-12T04:00:00Z,25.45,25.45,25.4,25.4,1372,10,25.4308
2022-08-15T04:00:00Z,25.4,25.4,25.4,25.4,115,2,25.4
2022-08-16T04:00:00Z,25.3,25.32,25.1526,25.1526,3143,17,25.2754
2022-08-17T04:00:00Z,25.17,25.3,25.05,25.1954,4404,20,25.1918
2022-08-18T04:00:00Z,25.2,25.5,25.2,25.33,9953,48,25.3885
2022-08-19T04:00:00Z,25.23,25.5,25.22,25.41,3228,26,25.3551
2022-08-22T04:00:00Z,25.39,25.5,25.39,25.39,2700,18,25.45
2022-08-23T04:00:00Z,25.425,25.51,25.3,25.4,1700,6,25.3668
2022-08-24T04:00:00Z,25.4,25.4,25.11,25.23,11037,25,25.2743
2022-08-25T04:00:00Z,25.23,25.23,25.0752,25.21,15654,35,25.1759
2022-08-26T04:00:00Z,25.07,25.24,24.97,25.24,2488,18,25.1128
2022-08-29T04:00:00Z,25.24,25.24,25.15,25.15,2936,5,25.2228
2022-08-30T04:00:00Z,25.3758,25.42,25.24,25.42,10942,9,25.3413
2022-08-31T04:00:00Z,25.4592,25.4592,25.15,25.164,1970,9,25.3051
2022-09-01T04:00:00Z,25.164,25.164,25.164,25.164,0,0,0
2022-09-02T04:00:00Z,25.2995,25.2995,25.2995,25.2995,275,1,25.2995
2022-09-06T04:00:00Z,25.53,25.53,25.43,25.53,1236,14,25.489
2022-09-07T04:00:00Z,25.53,25.53,25.53,25.53,0,0,0
2022-09-08T04:00:00Z,25.53,25.53,25.53,25.53,0,0,0
2022-09-09T04:00:00Z,25.34,25.34,24.64,24.99,5529,40,24.9559
2022-09-12T04:00:00Z,25.05,25.28,25.05,25.28,1500,4,25.1291
2022-09-13T04:00:00Z,25,25.26,24.74,25.26,3290,10,24.9362
2022-09-14T04:00:00Z,24.97,24.97,24.5,24.5,3060,27,24.8551
2022-09-15T04:00:00Z,24.58,24.58,23,23.1725,29165,224,23.468
2022-09-16T04:00:00Z,23.31,23.572,22.93,23.5,12227,93,23.2683
2022-09-19T04:00:00Z,23.24,23.72,23.08,23.71,4800,21,23.24
2022-09-20T04:00:00Z,23.43,23.62,23.08,23.33,5249,39,23.1829
2022-09-21T04:00:00Z,23.4,23.4,23.4,23.4,2195,2,23.4
2022-09-22T04:00:00Z,23.36,23.4,22.863,23.1805,16014,86,23.1628
2022-09-23T04:00:00Z,23.32,23.3319,22.81,23.186,2520,25,23.0505
2022-09-26T04:00:00Z,23.15,23.15,22.56,22.66,5209,39,22.868
2022-09-27T04:00:00Z,22.8,22.83,21.8,22.38,10441,70,22.4888
2022-09-28T04:00:00Z,23.1,23.25,22.65,22.7,17438,98,22.9631
2022-09-29T04:00:00Z,23.3,23.3,22.66,23.19,4839,58,23.053
2022-09-30T04:00:00Z,23.3467,23.3467,23,23.1799,3036,19,23.2063
2022-10-03T04:00:00Z,23.1,23.4,22.6,23.18,16712,60,22.7905
2022-10-04T04:00:00Z,22.85,23.25,22.6,22.87,13814,143,22.893
2022-10-05T04:00:00Z,22.94,23.08,22.7238,22.75,6151,38,22.8154
2022-10-06T04:00:00Z,22.61,23.28,22.6,22.96,17571,71,22.7893
2022-10-07T04:00:00Z,22.73,23.2599,22.73,23.25,5130,48,23.0723
2022-10-10T04:00:00Z,23.5,23.56,22.5,23.3299,21798,146,22.8252
2022-10-11T04:00:00Z,23.29,23.29,22.4,23.28,3340,9,23.013
2022-10-12T04:00:00Z,23.28,23.28,23.28,23.28,0,0,0
2022-10-13T04:00:00Z,23.07,23.5,22.4,22.95,15490,81,22.6379
2022-10-14T04:00:00Z,22.9,23.24,22.9,23.24,850,6,22.9729
2022-10-17T04:00:00Z,23.19,23.64,22.71,23.5,7050,27,23.0933
2022-10-18T04:00:00Z,23.52,23.5449,23.19,23.4,2272,10,23.4038
2022-10-19T04:00:00Z,23.25,23.25,23.05,23.25,2902,9,23.1451
2022-10-20T04:00:00Z,23.35,23.35,22.94,23.1,6732,51,23.1804
2022-10-21T04:00:00Z,23,23.232,23,23,1542,14,23.0646
2022-10-24T04:00:00Z,23,23.3,23,23.2499,1907,10,23.1524
2022-10-25T04:00:00Z,23,23.25,23,23.25,5506,13,23.2286
2022-10-26T04:00:00Z,23.3,23.3,23,23.1999,7184,21,23.2215
2022-10-27T04:00:00Z,23.1,23.1,23.1,23.1,375,3,23.1
2022-10-28T04:00:00Z,23.79,23.79,23.25,23.25,2295,14,23.4614
2022-10-31T04:00:00Z,23.1,23.25,23.06,23.22,2702,12,23.2007
2022-11-01T04:00:00Z,23.01,23.05,22.63,23.05,1821,18,22.9133
2022-11-02T04:00:00Z,22.9,22.9,22.75,22.75,942,8,22.8693
2022-11-03T04:00:00Z,22.7008,22.8999,22.4,22.729,5731,36,22.6121
2022-11-04T04:00:00Z,22.9,23.01,22.62,22.99,9160,48,22.8309
2022-11-07T05:00:00Z,22.96,23.2,22.583,23.15,4767,33,22.9798
2022-11-08T05:00:00Z,22.9,23.24,22.8006,23.17,5756,43,22.9038
2022-11-09T05:00:00Z,22.87,23.23,22.75,23.23,715,6,22.8918
2022-11-10T05:00:00Z,23.4,23.6,23.04,23.6,3858,23,23.4903
2022-11-11T05:00:00Z,23.6,24.1,23.6,24.1,5940,28,23.7428
2022-11-14T05:00:00Z,24,24.12,24,24.11,4943,23,24.0243
2022-11-15T05:00:00Z,24.05,24.05,24.05,24.05,211,3,24.05
2022-11-16T05:00:00Z,23.5,24.1,23.48,24.1,5655,21,23.6062
2022-11-17T05:00:00Z,23.97,23.97,23.81,23.9075,1000,5,23.8951
2022-11-18T05:00:00Z,23.9,24.09,23.84,24.09,1470,12,23.8902
2022-11-21T05:00:00Z,24.05,24.05,24.02,24.02,866,10,24.0244
2022-11-22T05:00:00Z,23.75,24,23.75,24,2200,3,23.7917
2022-11-23T05:00:00Z,23.7,24,23.25,24,1260,9,23.6472
2022-11-25T05:00:00Z,24,24,24,24,0,0,0
2022-11-28T05:00:00Z,23.72,23.99,23.2,23.48,3611,21,23.3886
2022-11-29T05:00:00Z,23.83,23.93,23.26,23.41,2717,18,23.46
2022-11-30T05:00:00Z,23.47,23.71,22.77,23.6999,2880,42,23.2463
2022-12-01T05:00:00Z,23,23.62,23,23.62,2026,19,23.292
2022-12-02T05:00:00Z,23.5,23.62,23.5,23.59,759,7,23.5357
2022-12-05T05:00:00Z,23.5,23.64,23.5,23.64,700,3,23.5538
2022-12-06T05:00:00Z,23.64,23.64,23.64,23.64,150,1,23.64
2022-12-07T05:00:00Z,22.58,23.7999,22.58,23.7999,814,4,23.1612
2022-12-08T05:00:00Z,23.65,23.6999,23.65,23.6999,480,5,23.6625
2022-12-09T05:00:00Z,23.5,23.5,23.04,23.1,7158,25,23.1983
2022-12-12T05:00:00Z,23.1,23.63,23.1,23.63,940,9,23.1828
2022-12-13T05:00:00Z,23.3,23.4,23.15,23.15,5265,24,23.2687
2022-12-14T05:00:00Z,22.56,23.0999,22.5,22.95,4100,18,22.6844
2022-12-15T05:00:00Z,22.8,22.9999,22.8,22.9999,2055,12,22.9258
2022-12-16T05:00:00Z,22.89,23.25,22.89,23.25,1120,10,23.004
2022-12-19T05:00:00Z,22.71,23.6,22.7,23.6,5035,39,23.1601
2022-12-20T05:00:00Z,23.465,23.59,23.11,23.39,4600,36,23.2985
2022-12-21T05:00:00Z,23.34,23.35,22.8208,23.24,12277,68,22.9682
2022-12-22T05:00:00Z,23.23,23.43,23.18,23.43,2479,17,23.2977
2022-12-23T05:00:00Z,23.25,23.25,23.15,23.22,2710,13,23.2362
2022-12-27T05:00:00Z,23.48,23.48,22.95,23.37,9797,60,23.1602
2022-12-28T05:00:00Z,23.6,23.98,23,23.46,6137,43,23.5211
2022-12-29T05:00:00Z,23.75,23.935,22.9159,22.9159,1823,44,23.6552
2022-12-30T05:00:00Z,23.2,23.372,22.8,23.2,8839,79,23.056
2023-01-03T05:00:00Z,23.62,23.62,23.39,23.39,673,8,23.4933
2023-01-04T05:00:00Z,23.6,23.98,23.4,23.889,7450,55,23.6681
2023-01-05T05:00:00Z,23.84,24,23.24,23.96,4300,25,23.8856
2023-01-06T05:00:00Z,24.025,24.63,23.63,24.04,4687,61,24.0992
2023-01-09T05:00:00Z,23.6,24.3201,23.6,24.2,4507,33,23.9923
2023-01-10T05:00:00Z,23.76,24.05,23.74,24.05,4946,21,23.8983
2023-01-11T05:00:00Z,23.96,23.9899,23.6,23.92,3361,29,23.878
2023-01-12T05:00:00Z,23.92,23.92,23.36,23.3601,2661,12,23.4573
2023-01-13T05:00:00Z,23.5,23.8603,23.5,23.8603,884,2,23.8195
2023-01-17T05:00:00Z,23.55,23.64,23.54,23.64,544,8,23.5802
2023-01-18T05:00:00Z,23.74,23.75,23.28,23.51,5298,27,23.4604
2023-01-19T05:00:00Z,23.06,23.7199,23.06,23.7199,1377,12,23.5812
2023-01-20T05:00:00Z,23.66,23.99,23.65,23.98,3667,29,23.8062
2023-01-23T05:00:00Z,23.9799,24,23.75,23.75,2738,16,23.9815
2023-01-24T05:00:00Z,24.03,24.03,23.72,23.72,2289,29,23.911
2023-01-25T05:00:00Z,23.97,24,23.7,24,1677,68,23.8723
2023-01-26T05:00:00Z,23.83,24.23,23.8,24.23,4819,26,24.0125
2023-01-27T05:00:00Z,24.18,24.5013,24.18,24.4,3262,21,24.3971
2023-01-30T05:00:00Z,24.28,24.4311,24.09,24.4311,683,7,24.2342
2023-01-31T05:00:00Z,24.75,24.75,24.13,24.49,1599,11,24.4414
2023-02-01T05:00:00Z,24.6525,24.6525,24.25,24.5999,973,9,24.4245
2023-02-02T05:00:00Z,24.57,24.605,24.57,24.605,400,4,24.5933
2023-02-03T05:00:00Z,24.62,24.7999,24.38,24.505,2201,19,24.6232
2023-02-06T05:00:00Z,24.99,24.99,24.42,24.42,2913,25,24.7462
2023-02-07T05:00:00Z,24.82,24.82,24.53,24.53,1346,10,24.6182
2023-02-08T05:00:00Z,24.93,24.93,24.5,24.5,8220,40,24.7034
2023-02-09T05:00:00Z,24.56,24.7626,24.55,24.7626,1100,8,24.6255
2023-02-10T05:00:00Z,24.75,24.9999,24.52,24.9,2170,20,24.8287
2023-02-13T05:00:00Z,24.88,25,24.63,24.85,3750,21,24.8981
2023-02-14T05:00:00Z,24.67,24.67,24.67,24.67,100,1,24.67
2023-02-15T05:00:00Z,24.54,24.98,24.5,24.67,3289,29,24.6608
2023-02-16T05:00:00Z,24.8,24.9322,24.8,24.8,2223,17,24.8555
2023-02-17T05:00:00Z,24.9996,25,24.6176,24.6176,1600,11,24.765
2023-02-21T05:00:00Z,24.75,24.9477,24.68,24.9477,1500,10,24.7626
2023-02-22T05:00:00Z,24.9477,24.9477,24.9477,24.9477,0,0,0
2023-02-23T05:00:00Z,24.99,25,24.74,25,3030,18,24.9719
2023-02-24T05:00:00Z,24.43,24.88,24.3,24.88,4800,24,24.3877
2023-02-27T05:00:00Z,24.88,24.92,24.46,24.92,700,6,24.6723
2023-02-28T05:00:00Z,24.945,24.945,23.9331,24.8826,1606,15,24.5192
2023-03-01T05:00:00Z,24.87,24.87,24.8499,24.8499,616,2,24.8543
2023-03-02T05:00:00Z,24.8499,24.8499,24.8499,24.8499,0,0,0
2023-03-03T05:00:00Z,24.96,25.02,24.425,25.02,2150,8,24.8055
2023-03-06T05:00:00Z,24.75,25,24.75,24.9999,500,4,24.9125
2023-03-07T05:00:00Z,25,25.04,24.75,25.015,3615,22,24.9849
2023-03-08T05:00:00Z,25.06,25.06,25.04,25.06,784,9,25.0553
2023-03-09T05:00:00Z,24.5,24.889,24.25,24.889,4460,18,24.4546
2023-03-10T05:00:00Z,24.889,24.889,24.889,24.889,0,0,0
2023-03-13T04:00:00Z,23.9999,24,23.5273,23.75,1980,11,23.8159
2023-03-14T04:00:00Z,23.9,24.85,23.25,24.2,3227,26,23.8447
2023-03-15T04:00:00Z,23.5,24.81,23.1001,23.9174,6237,54,24.0234
2023-03-16T04:00:00Z,24.7257,24.7257,24.7257,24.7257,200,1,24.7257
2023-03-17T04:00:00Z,24.56,24.56,22.1,22.78,11438,74,23.0589
2023-03-20T04:00:00Z,22.8,23.3999,22.1,22.7,11996,58,22.7106
2023-03-21T04:00:00Z,22.0501,23.0912,22.0501,22.75,2912,17,22.4768
2023-03-22T04:00:00Z,23.0499,23.288,22.3001,22.7062,7100,40,22.618
2023-03-23T04:00:00Z,22.77,23.3499,22.3501,23.3175,1801,9,22.601
2023-03-24T04:00:00Z,22.74,23.35,22.5,23.35,9852,58,22.8315
2023-03-27T04:00:00Z,23.67,24,23.4445,24,3640,27,23.7656
2023-03-28T04:00:00Z,23.95,24.2,22.85,24.2,3500,24,23.3115
2023-03-29T04:00:00Z,23.21,23.9499,23.1,23.9499,2000,17,23.3786
2023-03-30T04:00:00Z,23.79,23.79,23.765,23.765,443,6,23.7775
2023-03-31T04:00:00Z,23.78,24,23.5,24,3755,35,23.8415
2023-04-03T04:00:00Z,23.19,23.19,23.19,23.19,200,1,23.19
2023-04-04T04:00:00Z,23.6,23.98,23.2001,23.93,1996,24,23.6393
2023-04-05T04:00:00Z,23.96,23.96,23.94,23.94,805,14,23.945
2023-04-06T04:00:00Z,24,24.55,24,24.5,1676,20,24.2406
2023-04-10T04:00:00Z,24.5,24.6,24.1516,24.48,1146,6,24.2525
2023-04-11T04:00:00Z,24.48,24.48,24,24.4,3357,26,24.1757
2023-04-12T04:00:00Z,23.65,24.38,23.65,24.37,2502,15,24.0729
2023-04-13T04:00:00Z,24.36,24.365,24.36,24.365,1000,9,24.3611
2023-04-14T04:00:00Z,24.36,24.7,23.75,23.95,16191,70,24.2651
2023-04-17T04:00:00Z,24.22,24.25,24.1,24.25,1121,10,24.201
2023-04-18T04:00:00Z,24.6899,24.6899,23.75,24.12,2847,27,23.9446
2023-04-19T04:00:00Z,23.925,24.2499,23.65,24.2499,5138,23,23.8426
2023-04-20T04:00:00Z,23.84,24.2999,23.68,23.97,7830,57,23.85
2023-04-21T04:00:00Z,24.5999,24.5999,23.7001,23.94,4360,31,23.9198
2023-04-24T04:00:00Z,23.95,23.95,23.7419,23.7419,525,3,23.9008
2023-04-25T04:00:00Z,24.125,24.35,23.76,23.82,3441,16,24.0716
2023-04-26T04:00:00Z,24.39,24.6899,23.5,23.9,6115,40,23.9135
2023-04-27T04:00:00Z,23.5401,23.95,23.5401,23.95,750,2,23.7314
2023-04-28T04:00:00Z,23.95,24.162,23.7001,24.162,2622,18,23.8618
2023-05-01T04:00:00Z,24.5832,24.6899,24.245,24.6899,1060,6,24.3508
2023-05-02T04:00:00Z,23.65,24.6499,23.65,24.6499,960,4,23.9686
2023-05-03T04:00:00Z,24.45,24.64,23.8,24.3,6340,47,24.1009
2023-05-04T04:00:00Z,23.1,23.865,23.1,23.5999,3092,20,23.3177
2023-05-05T04:00:00Z,23.32,23.6,23.32,23.59,1100,8,23.4109
2023-05-08T04:00:00Z,23.5,23.59,23.2,23.56,1484,15,23.4554
2023-05-09T04:00:00Z,23.6,24.04,23.5108,24.04,2540,12,23.6715
2023-05-10T04:00:00Z,23.75,24,23.75,23.99,1285,8,23.91
2023-05-11T04:00:00Z,24,24,23.3,24,3854,27,23.8997
2023-05-12T04:00:00Z,24,24,24,24,0,0,0
2023-05-15T04:00:00Z,23.6,24,23.6,24,1755,27,23.8675
2023-05-16T04:00:00Z,24,24,24,24,408,4,24
2023-05-17T04:00:00Z,23.53,23.9999,23.4,23.9999,1104,9,23.6267
2023-05-18T04:00:00Z,24,24,23.95,23.95,631,7,23.9903
2023-05-19T04:00:00Z,24,24,23.685,24,1181,19,23.9244
2023-05-22T04:00:00Z,23.37,23.94,23.37,23.94,878,6,23.7075
2023-05-23T04:00:00Z,24,24.5499,23.39,24,7229,43,23.8644
2023-05-24T04:00:00Z,23.65,24.2399,23.6,24.18,2406,28,23.9244
2023-05-25T04:00:00Z,24.17,24.22,23.72,24.22,802,13,23.8783
2023-05-26T04:00:00Z,23.98,24.23,23.37,24.19,4386,51,23.9361
2023-05-30T04:00:00Z,23.37,24.54,23.37,24.54,1350,5,23.5011
2023-05-31T04:00:00Z,24.07,24.49,23.4,24.44,4284,61,23.763
2023-06-01T04:00:00Z,24.44,24.44,24.44,24.44,0,0,0
2023-06-02T04:00:00Z,24,24.25,23.915,24.25,1593,17,24.006
2023-06-05T04:00:00Z,23.9958,24.2,23.9958,24.2,2858,16,24.0053
2023-06-06T04:00:00Z,24.2,24.2,24.2,24.2,0,0,0
2023-06-07T04:00:00Z,23.9,24.2,23.8661,24.2,1855,11,23.9253
2023-06-08T04:00:00Z,24.2,24.2,24.2,24.2,0,0,0
2023-06-09T04:00:00Z,24.45,24.45,24.45,24.45,365,19,24.45
2023-06-12T04:00:00Z,24.45,24.45,24,24.45,5096,25,24.1391
2023-06-13T04:00:00Z,24.08,24.47,23.635,24.35,13740,103,24.1209
2023-06-14T04:00:00Z,23.74,24.26,23.74,24.2,2673,22,24.0265
2023-06-15T04:00:00Z,24.2,24.2,24.2,24.2,0,0,0
2023-06-16T04:00:00Z,24,24.18,24,24.16,2446,14,24.0675
2023-06-20T04:00:00Z,24,24.13,23.74,24.05,2530,35,23.8857
2023-06-21T04:00:00Z,23.9,24.2663,23.8,24.26,7902,67,23.977
2023-06-22T04:00:00Z,24.26,24.26,24.26,24.26,0,0,0
2023-06-23T04:00:00Z,24,24.25,23.9,23.9,2997,23,24.0258
2023-06-26T04:00:00Z,23.9,24.1,23.882,24.1,2612,27,23.9634
2023-06-27T04:00:00Z,24.1199,24.1199,23.5701,23.82,4844,55,23.901
2023-06-28T04:00:00Z,24.09,24.09,23.6,23.805,2812,25,23.7241
2023-06-29T04:00:00Z,23.86,24.12,23.55,24.12,2386,23,23.8196
2023-06-30T04:00:00Z,24,24.14,23.81,24.14,5289,45,23.9163
2023-07-03T04:00:00Z,24.55,24.55,24.16,24.16,1144,9,24.1942
2023-07-05T04:00:00Z,24,24.17,23.8101,24.17,3633,16,23.9677
2023-07-06T04:00:00Z,23.86,24.14,23.81,24.14,1480,8,23.8625
2023-07-07T04:00:00Z,24.14,24.14,24.14,24.14,0,0,0
2023-07-10T04:00:00Z,23.82,24.1,23.82,24.1,1020,11,23.875
2023-07-11T04:00:00Z,24.1,24.1,24.1,24.1,0,0,0
2023-07-12T04:00:00Z,24.107,24.1699,24.107,24.14,1610,9,24.1259
2023-07-13T04:00:00Z,24.14,24.14,24.14,24.14,0,0,0
2023-07-14T04:00:00Z,23.95,24.13,23.9499,24.13,1808,21,23.9649
2023-07-17T04:00:00Z,24.1,24.1,24.1,24.1,861,19,24.1
2023-07-18T04:00:00Z,23.8831,24.097,23.72,24.07,3216,14,23.9365
2023-07-19T04:00:00Z,23.9966,24.08,23.9966,24.08,2261,14,24.0205
2023-07-20T04:00:00Z,23.71,23.71,23.71,23.71,1004,3,23.71
2023-07-21T04:00:00Z,23.78,24.04,23.78,24.04,501,8,23.845
2023-07-24T04:00:00Z,24.0658,24.0658,24.0658,24.0658,173,6,24.0658
2023-07-25T04:00:00Z,23.78,24.09,23.78,24.09,1307,12,23.9183
2023-07-26T04:00:00Z,24.09,24.09,24.09,24.09,149,3,24.09
2023-07-27T04:00:00Z,24.09,24.09,24.09,24.09,0,0,0
2023-07-28T04:00:00Z,24,24.09,23.928,24.09,4073,109,23.9883
2023-07-31T04:00:00Z,24.09,24.15,24.09,24.15,3066,16,24.1323
2023-08-01T04:00:00Z,23.85,24,23.75,23.99,2162,25,23.8607
2023-08-02T04:00:00Z,24.13,24.13,23.7601,24.12,2928,12,23.8453
2023-08-03T04:00:00Z,24.12,24.12,24.12,24.12,0,0,0
2023-08-04T04:00:00Z,24.1499,24.1499,24.1499,24.1499,849,8,24.1499
2023-08-07T04:00:00Z,24.15,24.18,23.9,24.18,5810,6,23.9331
2023-08-08T04:00:00Z,24.0054,24.16,24.0054,24.16,635,15,24.0383
2023-08-09T04:00:00Z,24.17,24.17,23.99,23.99,3135,44,24.0899
2023-08-10T04:00:00Z,23.99,24.168,23.99,24.168,345,12,24.0493
2023-08-11T04:00:00Z,23.99,24.17,23.99,24.17,2500,22,24.089
2023-08-14T04:00:00Z,23.93,24.1699,23.93,24.1699,1600,6,23.9875
2023-08-15T04:00:00Z,23.91,24.17,23.91,24.14,2310,14,23.9975
2023-08-16T04:00:00Z,24.15,24.18,24.15,24.1799,900,3,24.1633
2023-08-17T04:00:00Z,24.15,24.18,23.9618,24.18,1445,8,24.0186
2023-08-18T04:00:00Z,24.1041,24.18,24.05,24.1799,3715,36,24.1044
2023-08-21T04:00:00Z,24.05,24.05,23.91,23.91,900,3,23.9311
2023-08-22T04:00:00Z,24.1467,24.1467,24.1467,24.1467,100,1,24.1467
2023-08-23T04:00:00Z,24.15,24.1798,24,24.1798,1220,7,24.1255
2023-08-24T04:00:00Z,23.9101,24.1797,23.9101,24.1797,457,6,24.0449
2023-08-25T04:00:00Z,23.95,24.1799,23.81,24.14,4481,19,23.964
2023-08-28T04:00:00Z,24.14,24.14,24.14,24.14,0,0,0
2023-08-29T04:00:00Z,24.14,24.14,24.14,24.14,0,0,0
2023-08-30T04:00:00Z,23.9,24.07,23.8999,24.07,1490,17,23.9197
2023-08-31T04:00:00Z,23.77,23.98,23.42,23.95,4660,49,23.694
2023-09-01T04:00:00Z,24.2,24.2,23.63,23.98,5650,29,23.7496
2023-09-05T04:00:00Z,23.64,23.9789,23.595,23.9789,8325,49,23.67
2023-09-06T04:00:00Z,23.8,23.95,23.6697,23.95,1150,10,23.7933
2023-09-07T04:00:00Z,23.45,23.94,23.45,23.93,2810,26,23.7563
2023-09-08T04:00:00Z,23.9499,23.95,23.9,23.94,2100,12,23.9353
2023-09-11T04:00:00Z,23.9,23.93,23.83,23.93,2480,14,23.8834
2023-09-12T04:00:00Z,23.44,23.95,23.44,23.95,4244,17,23.6265
2023-09-13T04:00:00Z,24.17,24.17,24.17,24.17,1164,5,24.17
2023-09-14T04:00:00Z,24.22,24.22,24.17,24.17,2317,13,24.1838
2023-09-15T04:00:00Z,23.9,24.17,23.9,24.15,1519,27,24.0219
2023-09-18T04:00:00Z,23.85,24.16,23.85,24.15,1068,7,24.0349
2023-09-19T04:00:00Z,24,24,24,24,1480,10,24
2023-09-20T04:00:00Z,24,24.1699,24,24.1699,1650,13,24.0219
2023-09-21T04:00:00Z,24.16,24.17,23.63,24,3865,13,23.8688
2023-09-22T04:00:00Z,23.47,23.9999,23.43,23.9999,817,5,23.6515
2023-09-25T04:00:00Z,23.56,23.97,23.5,23.97,1885,33,23.6721
2023-09-26T04:00:00Z,23.8343,24.1699,23.8343,24.1699,1400,10,23.9977
2023-09-27T04:00:00Z,23.0001,24.03,23.0001,24.03,1681,45,23.8013
2023-09-28T04:00:00Z,24.12,24.1599,24,24.1599,1220,13,24.1136
2023-09-29T04:00:00Z,24.18,24.18,23.27,24.18,4814,58,23.9364
2023-10-02T04:00:00Z,23,24.05,23,24.05,1197,14,23.3383
2023-10-03T04:00:00Z,24.12,24.18,24.12,24.18,1025,14,24.155
2023-10-04T04:00:00Z,23.68,24.18,23.68,24.18,2333,20,24.0186
2023-10-05T04:00:00Z,24.18,24.18,24.18,24.18,0,0,0
2023-10-06T04:00:00Z,24.18,24.18,24.18,24.18,0,0,0
2023-10-09T04:00:00Z,24.23,24.23,24.12,24.12,2220,8,24.1419
2023-10-10T04:00:00Z,24.2118,24.2118,24.2118,24.2118,200,1,24.2118
2023-10-11T04:00:00Z,24.23,24.23,23.6,24.23,3762,19,24.0189
2023-10-12T04:00:00Z,23.6766,24.23,23.5125,24.08,4397,95,23.7439
2023-10-13T04:00:00Z,24.08,24.08,24.08,24.08,0,0,0
2023-10-16T04:00:00Z,24.05,24.05,24.02,24.02,1720,10,24.0414
2023-10-17T04:00:00Z,23.875,24.2499,23.875,24.2499,784,25,24.0958
2023-10-18T04:00:00Z,23.5,23.875,23.5,23.875,800,2,23.5938
2023-10-19T04:00:00Z,24.2,24.2,23.8001,24.2,550,5,24.04
2023-10-20T04:00:00Z,24.1,24.1,24.1,24.1,288,4,24.1
2023-10-23T04:00:00Z,23.77,24.1399,23.33,24.13,3769,69,23.8253
2023-10-24T04:00:00Z,23.95,23.95,23.5,23.68,4400,28,23.6535
2023-10-25T04:00:00Z,23.59,23.775,23.4565,23.775,1411,6,23.5015
2023-10-26T04:00:00Z,24.0999,24.0999,24.0999,24.0999,389,6,24.0999
2023-10-27T04:00:00Z,24.0999,24.0999,24.0999,24.0999,0,0,0
2023-10-30T04:00:00Z,23.96,24.05,23.12,23.77,2633,17,23.619
2023-10-31T04:00:00Z,23.1,24.05,23.1,24.01,886,15,23.58
2023-11-01T04:00:00Z,23.59,23.94,23.59,23.94,1456,21,23.6457
2023-11-02T04:00:00Z,23.87,23.9,23.5,23.9,2538,25,23.7172
2023-11-03T04:00:00Z,23.9,23.9,23.9,23.9,0,0,0
2023-11-06T05:00:00Z,23.9,23.9,23.9,23.9,0,0,0
2023-11-07T05:00:00Z,23.9,23.9,23.9,23.9,0,0,0
2023-11-08T05:00:00Z,23.9,23.9,23.9,23.9,0,0,0
2023-11-09T05:00:00Z,23.87,23.87,23.512,23.79,900,4,23.8002
2023-11-10T05:00:00Z,23.79,23.79,23.79,23.79,0,0,0
2023-11-13T05:00:00Z,23.69,24.02,23.14,24.02,5124,44,23.5716
2023-11-14T05:00:00Z,23.83,24.1449,23.73,24.1449,2508,7,23.8452
2023-11-15T05:00:00Z,24,24.13,23.9,24.13,1223,8,24.0208
2023-11-16T05:00:00Z,24.15,24.15,23.7468,24.13,2007,8,23.845
2023-11-17T05:00:00Z,24.13,24.13,24.13,24.13,0,0,0
2023-11-20T05:00:00Z,23.41,24,23.36,24,1184,12,23.4972
2023-11-21T05:00:00Z,24,24,24,24,0,0,0
2023-11-22T05:00:00Z,23.65,23.91,23.45,23.91,6320,25,23.6559
2023-11-24T05:00:00Z,23.83,23.83,23.83,23.83,125,2,23.83
2023-11-27T05:00:00Z,23.88,23.88,23.83,23.88,676,10,23.87
2023-11-28T05:00:00Z,24,24,24,24,2016,4,24
2023-11-29T05:00:00Z,23.5,23.99,23.5,23.99,3693,26,23.7171
2023-11-30T05:00:00Z,23.95,24.25,23.95,24.25,1446,15,24.1353
2023-12-01T05:00:00Z,23.99,24,23.99,24,2394,38,23.9978
2023-12-04T05:00:00Z,23.98,23.98,23.98,23.98,467,5,23.98
2023-12-05T05:00:00Z,23.8,24.3,23.8,24.2999,2087,6,23.8881
2023-12-06T05:00:00Z,24.4,24.4,23.81,24.15,15307,109,23.9423
2023-12-07T05:00:00Z,24.1,24.1,24.08,24.08,1827,25,24.0964
2023-12-08T05:00:00Z,24.15,24.15,24.15,24.15,200,1,24.15
2023-12-11T05:00:00Z,24.33,24.37,24.33,24.37,417,7,24.3567
2023-12-12T05:00:00Z,24.37,24.37,24.37,24.37,0,0,0
2023-12-13T05:00:00Z,24.4,24.4,24.4,24.4,100,1,24.4
2023-12-14T05:00:00Z,23.8601,24.18,23.54,24.12,10402,99,23.9058
2023-12-15T05:00:00Z,23.65,24.3,23.65,24.3,2060,15,23.8027
2023-12-18T05:00:00Z,23.84,24.29,23.84,24.29,1100,2,23.8809
2023-12-19T05:00:00Z,24.15,24.28,24.05,24.1,3415,14,24.1291
2023-12-20T05:00:00Z,24,24.2799,24,24.2799,2321,19,24.105
2023-12-21T05:00:00Z,24.2799,24.2799,24.2799,24.2799,0,0,0
2023-12-22T05:00:00Z,24.46,24.46,24.46,24.46,100,1,24.46
2023-12-26T05:00:00Z,24.3,24.49,24.3,24.49,300,4,24.395
2023-12-27T05:00:00Z,24.13,24.5,24.13,24.5,905,3,24.1711
2023-12-28T05:00:00Z,24.5,24.5,24.5,24.5,195,4,24.5
2023-12-29T05:00:00Z,24.5,24.5,24.5,24.5,0,0,0
2024-01-02T05:00:00Z,24.5,24.5,24.316,24.5,2365,13,24.3913
2024-01-03T05:00:00Z,24.5,24.5,24.45,24.5,661,4,24.4814
2024-01-04T05:00:00Z,24.5,24.5,24.5,24.5,0,0,0
2024-01-05T05:00:00Z,24.3,24.39,24.2999,24.39,6062,28,24.3328
2024-01-08T05:00:00Z,24.5,24.5,24.35,24.5,1400,7,24.447
2024-01-09T05:00:00Z,24.5,24.5,24.5,24.5,1000,1,24.5
2024-01-10T05:00:00Z,24.5,24.7,24.4999,24.7,1091,5,24.5924
2024-01-11T05:00:00Z,24.7,24.7,24.68,24.69,2500,13,24.6986
2024-01-12T05:00:00Z,24.51,24.72,24.51,24.72,1000,2,24.615
2024-01-16T05:00:00Z,24.6308,24.6308,23.81,24.58,5194,38,24.3054
2024-01-17T05:00:00Z,24.48,24.68,24.46,24.68,675,10,24.5707
2024-01-18T05:00:00Z,24.01,24.46,23.95,24.38,2738,25,24.1115
2024-01-19T05:00:00Z,24.36,24.6899,24.36,24.6899,1003,2,24.3929
2024-01-22T05:00:00Z,24.48,24.66,24.459,24.65,1596,10,24.5695
2024-01-23T05:00:00Z,24.75,24.75,24.75,24.75,796,3,24.75
2024-01-24T05:00:00Z,24.5,24.5,24.5,24.5,396,8,24.5
2024-01-25T05:00:00Z,24.77,24.77,24.77,24.77,336,7,24.77
2024-01-26T05:00:00Z,24.77,24.77,24.77,24.77,0,0,0
2024-01-29T05:00:00Z,24.06,24.64,24.0001,24.64,1450,17,24.2791
2024-01-30T05:00:00Z,24.64,24.8,23.8084,24.8,2329,17,24.3317
2024-01-31T05:00:00Z,24.8,24.8,24.8,24.8,0,0,0
2024-02-01T05:00:00Z,24.14,24.69,24.0001,24.04,8937,55,24.1028
2024-02-02T05:00:00Z,24,24,24,24,835,2,24
2024-02-05T05:00:00Z,24.2,24.2,24.2,24.2,400,1,24.2
2024-02-06T05:00:00Z,24.2,24.29,24.17,24.29,916,15,24.2033
2024-02-07T05:00:00Z,23.8554,24.3987,23.85,24.35,1630,15,24.0295
2024-02-08T05:00:00Z,24.25,24.25,24.25,24.25,503,3,24.25
2024-02-09T05:00:00Z,23.92,24.4025,23.82,24.3604,2434,13,24.0189
2024-02-12T05:00:00Z,24.32,24.4439,23.84,24.415,2833,34,24.2175
2024-02-13T05:00:00Z,24.3,24.69,24.26,24.69,449,4,24.369
2024-02-14T05:00:00Z,24.47,24.5,24.46,24.5,2000,12,24.4953
2024-02-15T05:00:00Z,24.5,24.5,24.5,24.5,0,0,0
2024-02-16T05:00:00Z,24.575,24.575,24.575,24.575,301,3,24.575
2024-02-20T05:00:00Z,24.35,24.68,24.06,24.68,950,12,24.38
2024-02-21T05:00:00Z,24.5,24.5,23.8301,24.35,1200,9,24.3564
2024-02-22T05:00:00Z,24.35,24.35,24.35,24.35,0,0,0
2024-02-23T05:00:00Z,24.08,24.47,24.08,24.45,1100,9,24.178
2024-02-26T05:00:00Z,24.2345,24.6955,24.2345,24.6955,599,5,24.5122
2024-02-27T05:00:00Z,24.7,24.7,24.35,24.47,3787,26,24.491
2024-02-28T05:00:00Z,24.32,24.46,24.28,24.46,1452,16,24.3246
2024-02-29T05:00:00Z,24.46,24.46,24.46,24.46,0,0,0
2024-03-01T05:00:00Z,24.21,24.24,24.15,24.24,1436,11,24.1995
2024-03-04T05:00:00Z,24.18,24.29,24.18,24.29,1189,6,24.19
2024-03-05T05:00:00Z,24.21,24.28,24.21,24.28,2178,12,24.2392
2024-03-06T05:00:00Z,24.22,24.3,24.2101,24.2522,1134,11,24.2351
2024-03-07T05:00:00Z,24.2,24.235,24.185,24.2,3088,27,24.2045
2024-03-08T05:00:00Z,24.15,24.15,23.95,23.98,6704,36,24.0279
2024-03-11T04:00:00Z,24,24.18,24,24.18,641,10,24.0711
2024-03-12T04:00:00Z,24.24,24.24,24.24,24.24,100,1,24.24
2024-03-13T04:00:00Z,24.2,24.28,24.17,24.21,2824,21,24.218
2024-03-14T04:00:00Z,23.9,23.9,23.9,23.9,210,3,23.9
2024-03-15T04:00:00Z,23.9,23.9,23.9,23.9,0,0,0
2024-03-18T04:00:00Z,23.95,23.95,23.9098,23.95,1920,15,23.9352
2024-03-19T04:00:00Z,23.92,24.054,23.88,23.88,6400,37,23.9327
2024-03-20T04:00:00Z,23.88,23.9,22.9,23.9,15329,83,23.5331
2024-03-21T04:00:00Z,23.92,23.92,23.92,23.92,932,42,23.92
2024-03-22T04:00:00Z,23.84,23.84,23.84,23.84,201,4,23.84
2024-03-25T04:00:00Z,23.78,23.88,23.74,23.75,1135,11,23.8012
2024-03-26T04:00:00Z,23.78,23.78,23.74,23.77,541,5,23.766
2024-03-27T04:00:00Z,23.73,23.8291,23.6071,23.82,2706,16,23.7172
2024-03-28T04:00:00Z,23.53,23.8,23.53,23.7999,1762,12,23.6733
2024-04-01T04:00:00Z,23.69,23.7,23.6625,23.7,1665,8,23.6921
2024-04-02T04:00:00Z,23.7,23.7799,23.4,23.7799,3258,18,23.5321
2024-04-03T04:00:00Z,23.6,23.72,23.6,23.72,3170,44,23.6659
2024-04-04T04:00:00Z,23.73,24,23.6,23.84,1924,15,23.7857
2024-04-05T04:00:00Z,23.9,23.9,23.7999,23.8,3000,8,23.87
2024-04-08T04:00:00Z,23.7606,23.85,23.75,23.85,2101,9,23.7573
2024-04-09T04:00:00Z,23.8288,23.8288,23.7665,23.793,9075,32,23.7905
2024-04-10T04:00:00Z,23.75,23.81,23.75,23.75,5159,15,23.7732
2024-04-11T04:00:00Z,23.6913,23.85,23.6913,23.85,1006,4,23.8034
2024-04-12T04:00:00Z,23.8299,23.8299,23.62,23.7335,3070,8,23.7149
2024-04-15T04:00:00Z,23.83,23.98,23.533,23.98,2609,18,23.7982
2024-04-16T04:00:00Z,23.8,23.8268,23.8,23.8268,1754,9,23.812
2024-04-17T04:00:00Z,23.8,23.8,23.6,23.72,650,7,23.704
2024-04-18T04:00:00Z,23.86,23.86,23.86,23.86,505,1,23.86
2024-04-19T04:00:00Z,23.78,24.05,23.78,24.05,1554,13,23.8553
2024-04-22T04:00:00Z,24.05,24.05,24.05,24.05,0,0,0
2024-04-23T04:00:00Z,24.03,24.04,24.03,24.04,384,6,24.0358
2024-04-24T04:00:00Z,24.04,24.04,24.04,24.04,0,0,0
2024-04-25T04:00:00Z,23.82,23.82,23.79,23.79,700,3,23.8087
2024-04-26T04:00:00Z,24,24,24,24,214,2,24
2024-04-29T04:00:00Z,24,24.0999,24,24.0999,400,2,24.0499
2024-04-30T04:00:00Z,23.743,24.07,23.68,24.07,1375,9,23.7867
2024-05-01T04:00:00Z,23.66,24,23.66,23.99,2054,8,23.7696
2024-05-02T04:00:00Z,23.9999,23.9999,23.9999,23.9999,400,1,23.9999
2024-05-03T04:00:00Z,23.9,24.04,23.85,24,6748,39,23.9437
2024-05-06T04:00:00Z,24.08,24.3,24.08,24.3,3886,18,24.2343
2024-05-07T04:00:00Z,24.03,24.1095,24,24,2824,25,24.036
2024-05-08T04:00:00Z,24,24,24,24,0,0,0
2024-05-09T04:00:00Z,24,24,24,24,0,0,0
2024-05-10T04:00:00Z,24,24,24,24,0,0,0
2024-05-13T04:00:00Z,24,24,24,24,0,0,0
2024-05-14T04:00:00Z,23.976,23.976,23.976,23.976,800,3,23.976
2024-05-15T04:00:00Z,24.26,24.26,23.87,23.96,1591,23,23.965
2024-05-16T04:00:00Z,23.95,23.95,23.95,23.95,2285,12,23.95
2024-05-17T04:00:00Z,24,24,23.99,24,3637,11,23.9991
2024-05-20T04:00:00Z,23.8515,23.9501,23.85,23.95,2784,11,23.915
2024-05-21T04:00:00Z,24,24,23.86,23.9,2517,10,23.9077
2024-05-22T04:00:00Z,24,24.2002,24,24.0999,1797,14,24.1576
2024-05-23T04:00:00Z,24,24.15,23.9999,24,3636,23,24.0184
2024-05-24T04:00:00Z,23.96,23.96,23.73,23.73,819,6,23.9062
2024-05-28T04:00:00Z,23.78,23.81,23.75,23.81,2345,18,23.7778
2024-05-29T04:00:00Z,23.905,23.905,23.73,23.74,3394,18,23.8063
2024-05-30T04:00:00Z,23.75,23.885,23.73,23.885,3033,15,23.7495
2024-05-31T04:00:00Z,23.9,23.91,23.9,23.91,1601,8,23.9013
2024-06-03T04:00:00Z,23.97,24.08,23.97,24.05,6446,34,24.0404
2024-06-04T04:00:00Z,24.15,24.15,24.15,24.15,210,6,24.15
2024-06-05T04:00:00Z,24.15,24.17,24.13,24.17,1590,8,24.1514
2024-06-06T04:00:00Z,24.17,24.3,24.17,24.2884,6929,19,24.2403
2024-06-07T04:00:00Z,24.2999,24.2999,24.12,24.2335,5155,19,24.1877
2024-06-10T04:00:00Z,24.3,24.3,24.2,24.2,3753,17,24.2372
2024-06-11T04:00:00Z,24.3,24.3,24.284,24.284,2001,4,24.292
2024-06-12T04:00:00Z,24.25,24.25,24.2293,24.2293,568,5,24.2376
2024-06-13T04:00:00Z,24.3,24.3,24.25,24.25,1303,3,24.296
2024-06-14T04:00:00Z,23.7,23.79,23.7,23.79,2516,19,23.7063
2024-06-17T04:00:00Z,23.79,23.79,23.79,23.79,0,0,0
2024-06-18T04:00:00Z,23.7,23.8,23.7,23.72,848,8,23.7785
2024-06-20T04:00:00Z,23.8799,23.92,23.72,23.86,5532,16,23.8762
2024-06-21T04:00:00Z,23.72,23.95,23.65,23.8001,4735,18,23.7688
2024-06-24T04:00:00Z,23.82,23.91,23.82,23.83,5620,13,23.8491
2024-06-25T04:00:00Z,23.83,23.83,23.83,23.83,0,0,0
2024-06-26T04:00:00Z,23.85,23.9799,23.7395,23.7395,2295,6,23.8506
2024-06-27T04:00:00Z,23.77,23.88,23.72,23.7228,11830,45,23.7528
2024-06-28T04:00:00Z,23.855,23.855,23.72,23.72,1788,13,23.7668
2024-07-01T04:00:00Z,23.9,23.92,23.9,23.92,915,10,23.9033
2024-07-02T04:00:00Z,23.92,23.92,23.92,23.92,0,0,0
2024-07-03T04:00:00Z,23.95,23.95,23.85,23.89,1946,15,23.9106
2024-07-05T04:00:00Z,23.82,24.1199,23.82,23.92,1371,8,23.864
2024-07-08T04:00:00Z,23.83,23.83,23.76,23.76,3692,35,23.8089
2024-07-09T04:00:00Z,23.705,24.02,23.6471,24.02,2501,18,23.7384
2024-07-10T04:00:00Z,23.94,24.038,23.9,24.038,620,11,23.947
2024-07-11T04:00:00Z,23.99,24.02,23.85,24.02,2979,20,23.9735
2024-07-12T04:00:00Z,23.95,24.04,23.95,23.9812,3005,23,23.9785
2024-07-15T04:00:00Z,23.98,24.25,23.98,24.25,2303,8,24.1815
2024-07-16T04:00:00Z,24.21,24.29,24.21,24.29,1566,15,24.2607
2024-07-17T04:00:00Z,24.09,24.2276,23.81,24,3086,19,23.9715
2024-07-18T04:00:00Z,23.972,24.0906,23.97,24.0906,1800,7,23.9913
2024-07-19T04:00:00Z,24.0906,24.0906,24.0906,24.0906,0,0,0
2024-07-22T04:00:00Z,24.01,24.098,24.01,24.098,914,13,24.0708
2024-07-23T04:00:00Z,23.9575,23.9575,23.9575,23.9575,1800,16,23.9575
2024-07-24T04:00:00Z,23.93,24,23.89,23.92,16125,72,23.9498
2024-07-25T04:00:00Z,24,24,23.832,23.832,4275,23,23.9383
2024-07-26T04:00:00Z,23.925,23.925,23.75,23.7501,2085,11,23.8321
2024-07-29T04:00:00Z,23.79,23.98,23.79,23.84,7040,23,23.8632
2024-07-30T04:00:00Z,23.84,23.9,23.82,23.87,4401,15,23.8593
2024-07-31T04:00:00Z,23.85,23.87,23.84,23.84,4094,17,23.8448
2024-08-01T04:00:00Z,23.9,24.1,23.84,24.1,8030,27,23.871
2024-08-02T04:00:00Z,23.9483,23.9693,23.855,23.855,3000,11,23.936
2024-08-05T04:00:00Z,23.8,23.8998,23.8,23.8,885,10,23.8575
2024-08-06T04:00:00Z,23.91,23.93,23.65,23.81,9348,55,23.8124
2024-08-07T04:00:00Z,23.83,23.905,23.81,23.81,5830,24,23.8337
2024-08-08T04:00:00Z,23.928,23.928,23.77,23.88,4933,39,23.8458
2024-08-09T04:00:00Z,23.898,23.898,23.898,23.898,100,1,23.898
2024-08-12T04:00:00Z,23.8119,23.9,23.81,23.9,5889,14,23.8398
2024-08-13T04:00:00Z,23.85,23.85,23.85,23.85,1440,9,23.85
2024-08-14T04:00:00Z,23.87,23.92,23.795,23.91,23492,103,23.8535
2024-08-15T04:00:00Z,23.86,23.93,23.82,23.93,10189,51,23.854
2024-08-16T04:00:00Z,23.96,23.96,23.85,23.93,7366,42,23.8853
2024-08-19T04:00:00Z,23.99,23.99,23.8,23.92,19814,103,23.8663
2024-08-20T04:00:00Z,23.99,24,23.95,24,3389,17,23.9931
2024-08-21T04:00:00Z,23.98,23.99,23.94,23.97,1771,14,23.9532
2024-08-22T04:00:00Z,23.99,23.999,23.85,23.97,6461,32,23.9285
2024-08-23T04:00:00Z,23.99,24.08,23.99,24.01,1426,12,24.0169
2024-08-26T04:00:00Z,24.05,24.06,24.05,24.06,1221,7,24.0528
2024-08-27T04:00:00Z,24.06,24.06,24.06,24.06,452,5,24.06
2024-08-28T04:00:00Z,24.06,24.06,24.06,24.06,200,1,24.06
2024-08-29T04:00:00Z,24,24,23.9,24,2318,17,23.9558
2024-08-30T04:00:00Z,24.085,24.085,24.085,24.085,207,3,24.085
2024-09-03T04:00:00Z,24.1,24.21,24.1,24.19,888,6,24.15
2024-09-04T04:00:00Z,24.185,24.2199,24.15,24.2,1517,9,24.1765
2024-09-05T04:00:00Z,24.16,24.185,24.15,24.15,1875,12,24.1585
2024-09-06T04:00:00Z,24.1959,24.1959,24.195,24.195,700,2,24.1953
2024-09-09T04:00:00Z,24.2,24.2199,24.2,24.2199,400,3,24.2063
2024-09-10T04:00:00Z,24.155,24.21,24.155,24.21,800,5,24.1746
2024-09-11T04:00:00Z,24.22,24.27,24.2,24.27,2460,16,24.2182
2024-09-12T04:00:00Z,24.24,24.24,24.22,24.23,2724,13,24.2356
2024-09-13T04:00:00Z,23.92,23.92,23.92,23.92,185,2,23.92
2024-09-16T04:00:00Z,23.93,23.97,23.93,23.97,424,6,23.9433
2024-09-17T04:00:00Z,23.95,24.1431,23.85,24.01,4158,23,23.9638
2024-09-18T04:00:00Z,24.02,24.1399,24,24.1399,1680,5,24.0924
2024-09-19T04:00:00Z,24.14,24.2199,24.1,24.145,6019,28,24.156
2024-09-20T04:00:00Z,24.17,24.17,24.16,24.16,503,7,24.164
2024-09-23T04:00:00Z,24.2,24.2,24.1,24.15,3701,26,24.1548
2024-09-24T04:00:00Z,24.15,24.2,24.15,24.1501,2217,23,24.1716
2024-09-25T04:00:00Z,24.19,24.19,24.1,24.19,2310,9,24.1485
2024-09-26T04:00:00Z,24.24,24.24,24.2,24.21,1033,6,24.2049
2024-09-27T04:00:00Z,24.19,24.19,24.18,24.18,346,3,24.1829
2024-09-30T04:00:00Z,24.19,24.19,24.0739,24.16,4089,26,24.1134
2024-10-01T04:00:00Z,24.19,24.25,24.1,24.25,2438,11,24.1429
2024-10-02T04:00:00Z,24.25,24.25,24.16,24.16,780,7,24.1729
2024-10-03T04:00:00Z,24.23,24.23,24.08,24.08,301,4,24.17
2024-10-04T04:00:00Z,24.25,24.25,24.2347,24.2347,726,4,24.2435
2024-10-07T04:00:00Z,24.2,24.23,24.2,24.23,364,6,24.215
2024-10-08T04:00:00Z,24.23,24.23,24.07,24.23,4400,30,24.106
2024-10-09T04:00:00Z,24.23,24.23,24.23,24.23,0,0,0
2024-10-10T04:00:00Z,24.2,24.2499,24.1,24.1,3593,20,24.1852
2024-10-11T04:00:00Z,24.273,24.273,24.273,24.273,201,2,24.273
2024-10-14T04:00:00Z,24.1016,24.26,24.06,24.26,6675,22,24.1048
2024-10-15T04:00:00Z,24.15,24.23,24.07,24.23,2332,18,24.1469
2024-10-16T04:00:00Z,24.2301,24.2301,24.06,24.15,9651,69,24.1305
2024-10-17T04:00:00Z,24.2,24.2,24.07,24.09,9466,44,24.1475
2024-10-18T04:00:00Z,24.1,24.1997,24.1,24.15,943,5,24.1517
2024-10-21T04:00:00Z,24.15,24.15,24.1,24.1,525,6,24.1375
2024-10-22T04:00:00Z,24.1,24.1001,24.07,24.0727,5060,14,24.0953
2024-10-23T04:00:00Z,24.08,24.1648,24.065,24.1648,4879,24,24.096
2024-10-24T04:00:00Z,24.1,24.2099,24.1,24.15,2830,11,24.1453
2024-10-25T04:00:00Z,24.12,24.165,24.12,24.165,496,5,24.1417
2024-10-28T04:00:00Z,24.17,24.19,24.16,24.16,1260,10,24.17
2024-10-29T04:00:00Z,24.22,24.2599,24.15,24.235,14433,55,24.2178
2024-10-30T04:00:00Z,24.21,24.55,24.2,24.25,16506,75,24.2771
2024-10-31T04:00:00Z,24.25,24.37,24.25,24.37,2180,6,24.2656
2024-11-01T04:00:00Z,24.22,24.22,24.15,24.1999,5400,22,24.1759
2024-11-04T05:00:00Z,24.22,24.22,24.13,24.15,4151,35,24.1871
2024-11-05T05:00:00Z,24.29,24.29,24.1,24.19,4696,28,24.1887
2024-11-06T05:00:00Z,24.1937,24.1937,24.1,24.175,8527,69,24.1263
2024-11-07T05:00:00Z,24.25,24.25,24.1949,24.1949,1901,14,24.2235
2024-11-08T05:00:00Z,24.15,24.23,24.15,24.23,1205,8,24.1573
2024-11-11T05:00:00Z,24.1959,24.2,24.1959,24.2,551,3,24.197
2024-11-12T05:00:00Z,24.25,24.25,24.16,24.2,2216,14,24.2158
2024-11-13T05:00:00Z,24.2065,24.2263,24.2,24.201,8169,37,24.208
2024-11-14T05:00:00Z,24.25,24.25,24.175,24.19,11838,35,24.1974
2024-11-15T05:00:00Z,24.2503,24.2503,24.25,24.25,523,6,24.2502
2024-11-18T05:00:00Z,24.2,24.24,24.17,24.17,5876,38,24.2066
2024-11-19T05:00:00Z,24.18,24.2799,24.18,24.2499,8775,24,24.2275
2024-11-20T05:00:00Z,24.28,24.28,24.24,24.24,907,4,24.2709
2024-11-21T05:00:00Z,24.35,24.35,24.35,24.35,1124,4,24.35
2024-11-22T05:00:00Z,24.34,24.34,24.2,24.2999,7936,29,24.2437
2024-11-25T05:00:00Z,24.21,24.34,24.21,24.34,406,9,24.2967
2024-11-26T05:00:00Z,24.28,24.28,24.28,24.28,151,1,24.28
2024-11-27T05:00:00Z,24.28,24.28,24.28,24.28,252,4,24.28
2024-11-29T05:00:00Z,24.28,24.28,24.28,24.28,0,0,0
2024-12-02T05:00:00Z,24.22,24.3399,24.22,24.3399,700,2,24.2371
2024-12-03T05:00:00Z,24.32,24.4646,24.32,24.34,1480,15,24.3527
2024-12-04T05:00:00Z,24.4,24.58,24.22,24.35,13748,46,24.2899
2024-12-05T05:00:00Z,24.35,24.5499,24.35,24.5499,3785,20,24.4404
2024-12-06T05:00:00Z,24.5,24.6,24.5,24.5,1482,16,24.5365
2024-12-09T05:00:00Z,24.385,24.4578,24.385,24.4578,301,3,24.4093
2024-12-10T05:00:00Z,24.45,24.48,24.29,24.3043,4169,27,24.4103
2024-12-11T05:00:00Z,24.525,24.6699,24.525,24.6699,1641,7,24.5814
2024-12-12T05:00:00Z,24.36,24.38,24.36,24.36,427,11,24.365
2024-12-13T05:00:00Z,24.19,24.46,24.19,24.3615,1045,6,24.2841
2024-12-16T05:00:00Z,24.25,24.25,24.19,24.19,413,15,24.2202
2024-12-17T05:00:00Z,24.19,24.19,24.19,24.19,0,0,0
2024-12-18T05:00:00Z,24.3,24.3999,24.3,24.3999,783,6,24.3666
2024-12-19T05:00:00Z,24.1269,24.1269,24.12,24.12,1208,5,24.1262
2024-12-20T05:00:00Z,24.1001,24.13,24,24.05,2775,28,24.093
2024-12-23T05:00:00Z,24.0201,24.03,24.02,24.03,401,6,24.0234
2024-12-24T05:00:00Z,24.129,24.129,24.03,24.03,1481,4,24.1218
2024-12-26T05:00:00Z,24.04,24.283,24.03,24.03,3734,21,24.1353
2024-12-27T05:00:00Z,24.04,24.238,24.03,24.03,2143,16,24.0645
2024-12-30T05:00:00Z,24.0494,24.2899,24.03,24.2899,1725,12,24.1093
2024-12-31T05:00:00Z,24.04,24.04,24.04,24.04,208,5,24.04
2025-01-02T05:00:00Z,24.04,24.195,24.04,24.048,7002,38,24.0512
2025-01-03T05:00:00Z,24.1,24.1499,24.1,24.1,2294,8,24.1206
2025-01-06T05:00:00Z,24.15,24.1544,24.11,24.12,2501,19,24.1362
2025-01-07T05:00:00Z,24.1,24.3999,24.1,24.1001,10751,81,24.1984
2025-01-08T05:00:00Z,24.2,24.2,24.1101,24.1101,1228,6,24.1403
2025-01-10T05:00:00Z,24.1101,24.1101,24.1101,24.1101,0,0,0
2025-01-13T05:00:00Z,24.2,24.3699,24.15,24.3699,4215,30,24.188
2025-01-14T05:00:00Z,24.15,24.15,24.15,24.15,1000,2,24.15
2025-01-15T05:00:00Z,24.15,24.15,24.15,24.15,0,0,0
2025-01-16T05:00:00Z,24.15,24.2,24.15,24.2,2413,11,24.1521
2025-01-17T05:00:00Z,24.2,24.2,24.2,24.2,0,0,0
2025-01-21T05:00:00Z,24.19,24.27,24.1,24.2455,5060,72,24.1723
2025-01-22T05:00:00Z,24.31,24.31,24.31,24.31,495,15,24.31
2025-01-23T05:00:00Z,24.25,24.33,24.25,24.33,203,5,24.29
2025-01-24T05:00:00Z,24.33,24.34,24.33,24.33,1762,5,24.3384
2025-01-27T05:00:00Z,24.32,24.33,24.23,24.33,9202,47,24.3006
2025-01-28T05:00:00Z,24.33,24.34,24.3,24.3,3408,35,24.3255
2025-01-29T05:00:00Z,24.34,24.38,24.31,24.38,2469,16,24.3407
2025-01-30T05:00:00Z,24.45,24.6,24.38,24.6,6150,14,24.4586
2025-01-31T05:00:00Z,24.4,24.4226,24.35,24.35,1221,13,24.397
2025-02-03T05:00:00Z,24.35,24.47,24.35,24.45,2629,20,24.4279
2025-02-04T05:00:00Z,24.45,24.5,24.38,24.5,4014,33,24.4607
2025-02-05T05:00:00Z,24.4499,24.45,24.2025,24.4499,1837,13,24.3847
2025-02-06T05:00:00Z,24.4999,24.5,24.47,24.5,1359,16,24.4946
2025-02-07T05:00:00Z,24.32,24.32,24.32,24.32,272,8,24.32
2025-02-10T05:00:00Z,24.56,24.58,24.56,24.57,1318,23,24.5711
2025-02-11T05:00:00Z,24.4617,24.4617,24.4617,24.4617,236,10,24.4617
2025-02-12T05:00:00Z,24.56,24.56,24.455,24.49,1259,22,24.4733
2025-02-13T05:00:00Z,24.5873,24.5873,24.5009,24.545,1933,19,24.5514
2025-02-14T05:00:00Z,24.55,24.8,24.55,24.68,9549,54,24.6604
2025-02-18T05:00:00Z,24.69,24.75,24.6,24.6791,5244,36,24.6738
2025-02-19T05:00:00Z,24.6,24.62,24.55,24.55,3155,18,24.5656
2025-02-20T05:00:00Z,24.6826,24.7,24.57,24.58,4839,23,24.6598
2025-02-21T05:00:00Z,24.56,24.65,24.55,24.6,5150,23,24.5954
2025-02-24T05:00:00Z,24.68,24.68,24.62,24.68,1566,9,24.6744
2025-02-25T05:00:00Z,24.6,24.62,24.6,24.62,800,3,24.61
2025-02-26T05:00:00Z,24.6647,24.6647,24.6647,24.6647,308,8,24.6647
2025-02-27T05:00:00Z,24.6,24.644,24.6,24.644,1587,2,24.6052
2025-02-28T05:00:00Z,24.727,24.75,24.727,24.75,541,10,24.7423
2025-03-03T05:00:00Z,24.63,24.83,24.61,24.8243,2174,21,24.6635
2025-03-04T05:00:00Z,24.7378,24.7394,24.7378,24.7394,564,10,24.7389
2025-03-05T05:00:00Z,24.7185,24.8,24.7,24.8,3499,22,24.7243
2025-03-06T05:00:00Z,24.8,24.8,24.6,24.7,5685,24,24.6942
2025-03-07T05:00:00Z,24.6,24.8,24.6,24.6,769,13,24.6421
2025-03-10T04:00:00Z,24.8,24.8,24.8,24.8,936,22,24.8
2025-03-11T04:00:00Z,24.78,24.78,24.78,24.78,204,6,24.78
2025-03-12T04:00:00Z,24.79,24.79,24.79,24.79,122,4,24.79
2025-03-13T04:00:00Z,24.79,24.8,24.74,24.74,1878,13,24.7637
2025-03-14T04:00:00Z,24.42,24.59,24.1516,24.55,1130,7,24.4792
2025-03-17T04:00:00Z,24.55,24.55,24.55,24.55,0,0,0
2025-03-18T04:00:00Z,24.42,24.42,24.23,24.23,550,6,24.3762
2025-03-19T04:00:00Z,24.2,24.25,24.2,24.21,1464,13,24.2108
2025-03-20T04:00:00Z,24.4,24.4,24.4,24.4,156,5,24.4
2025-03-21T04:00:00Z,24.4001,24.41,24.3513,24.3513,1651,14,24.3836
2025-03-24T04:00:00Z,24.4,24.4,24.3216,24.35,3585,22,24.3549
2025-03-25T04:00:00Z,24.45,24.45,24.325,24.4,1440,7,24.3404
2025-03-26T04:00:00Z,24.4,24.4,24.3,24.39,2334,25,24.3515
2025-03-27T04:00:00Z,24.39,24.39,24.39,24.39,291,4,24.39
2025-03-28T04:00:00Z,24.26,24.325,24.26,24.325,1813,11,24.2677
2025-03-31T04:00:00Z,24.2625,24.3576,24.2625,24.3576,1512,8,24.3158
2025-04-01T04:00:00Z,24.35,24.35,24.08,24.31,35006,53,24.1764
2025-04-02T04:00:00Z,24.18,24.27,24.13,24.24,36942,84,24.2044
2025-04-03T04:00:00Z,24.05,24.28,23.99,24.14,5627,45,24.0835
2025-04-04T04:00:00Z,24.1297,24.13,24,24.07,6856,32,24.0443
2025-04-07T04:00:00Z,24.01,24.12,23.97,24.01,6510,59,24.0307
2025-04-08T04:00:00Z,24.09,24.09,23.9401,24,2504,36,24.0325
2025-04-09T04:00:00Z,24,24.38,23.9,24.36,4255,38,24.0884
2025-04-10T04:00:00Z,24.0564,24.22,23.9,23.95,5011,30,24.064
2025-04-11T04:00:00Z,23.95,23.95,23.84,23.9,3497,27,23.9101
2025-04-14T04:00:00Z,23.95,24.1522,23.95,24.15,1120,23,24.1313
2025-04-15T04:00:00Z,23.99,24.3799,23.99,24.35,4995,27,24.2929
2025-04-16T04:00:00Z,24.35,24.35,24.35,24.35,0,0,0
2025-04-17T04:00:00Z,24.15,24.265,24.13,24.13,7048,32,24.1587
2025-04-21T04:00:00Z,24.1999,24.1999,23.95,24.17,2603,13,24.0547
2025-04-22T04:00:00Z,24.07,24.0701,23.94,24.01,2426,27,23.9864
2025-04-23T04:00:00Z,24.02,24.1599,24.01,24.02,3251,24,24.0465
2025-04-24T04:00:00Z,24.03,24.19,24.02,24.02,4949,27,24.0656
2025-04-25T04:00:00Z,24.02,24.13,24.02,24.13,1425,11,24.0423
2025-04-28T04:00:00Z,24.15,24.1999,24.067,24.1999,3897,21,24.1345
2025-04-29T04:00:00Z,24.21,24.25,24.17,24.17,3847,7,24.2143
2025-04-30T04:00:00Z,24.0701,24.0701,24.0701,24.0701,431,10,24.0701
2025-05-01T04:00:00Z,24.12,24.32,24.12,24.22,5958,29,24.2073
2025-05-02T04:00:00Z,24.1844,24.1844,24.1844,24.1844,379,7,24.1844
2025-05-05T04:00:00Z,24.2,24.25,24.2,24.25,1031,16,24.213
2025-05-06T04:00:00Z,24.25,24.31,24.25,24.2576,2052,14,24.2797
2025-05-07T04:00:00Z,24.26,24.26,24.26,24.26,263,6,24.26
2025-05-08T04:00:00Z,24.26,24.3198,24.26,24.3,1690,13,24.2963
2025-05-09T04:00:00Z,24.26,24.33,24.26,24.27,792,16,24.2796
2025-05-12T04:00:00Z,24.26,24.39,24.26,24.3,11409,28,24.3476
2025-05-13T04:00:00Z,24.35,24.37,24.35,24.35,7778,30,24.3521
2025-05-14T04:00:00Z,24.35,24.3501,24.35,24.3501,2297,7,24.35
2025-05-15T04:00:00Z,24.39,24.39,24.35,24.35,3113,10,24.374
2025-05-16T04:00:00Z,24.35,24.38,24.35,24.35,642,8,24.362
2025-05-19T04:00:00Z,24.35,24.4399,24.35,24.4399,1665,11,24.3901
2025-05-20T04:00:00Z,24.3501,24.3601,24.35,24.35,3037,23,24.3515
2025-05-21T04:00:00Z,24.35,24.42,24.35,24.382,3972,16,24.3826
2025-05-22T04:00:00Z,24.45,24.49,24.45,24.49,522,8,24.4671
2025-05-23T04:00:00Z,24.4585,24.5,24.45,24.5,2938,13,24.4672
2025-05-27T04:00:00Z,24.5,24.5,24.5,24.5,145,5,24.5
2025-05-28T04:00:00Z,24.5,24.5,24.5,24.5,119,4,24.5
2025-05-29T04:00:00Z,24.5,24.5,24.45,24.49,674,7,24.4708
2025-05-30T04:00:00Z,24.51,24.51,24.5099,24.5099,511,7,24.5099
2025-06-02T04:00:00Z,24.5005,24.52,24.45,24.4501,4233,19,24.4729
2025-06-03T04:00:00Z,24.5289,24.56,24.496,24.496,4191,13,24.5229
2025-06-04T04:00:00Z,24.615,24.698,24.53,24.5477,743,21,24.5798
2025-06-05T04:00:00Z,24.54,24.55,24.53,24.53,626,8,24.5428
2025-06-06T04:00:00Z,24.62,24.62,24.62,24.62,154,2,24.62
2025-06-09T04:00:00Z,24.53,24.69,24.53,24.69,1039,6,24.5993
2025-06-10T04:00:00Z,24.68,24.68,24.53,24.66,5996,27,24.5786
2025-06-11T04:00:00Z,24.65,24.65,24.65,24.65,316,9,24.65
2025-06-12T04:00:00Z,24.64,24.64,24.64,24.64,514,5,24.64
2025-06-13T04:00:00Z,24.44,24.4637,24.44,24.4637,327,5,24.4479
2025-06-16T04:00:00Z,24.48,24.48,24.315,24.47,1301,8,24.3445
2025-06-17T04:00:00Z,24.37,24.42,24.37,24.42,716,8,24.4117
2025-06-18T04:00:00Z,24.38,24.38,24.27,24.36,5163,23,24.2959
2025-06-20T04:00:00Z,24.44,24.44,24.27,24.3,2579,15,24.3213
2025-06-23T04:00:00Z,24.44,24.47,24.44,24.47,1152,11,24.4626
2025-06-24T04:00:00Z,24.615,24.615,24.615,24.615,437,4,24.615
2025-06-25T04:00:00Z,24.58,24.58,24.43,24.44,2819,33,24.499
2025-06-26T04:00:00Z,24.55,24.55,24.45,24.45,711,14,24.4809
2025-06-27T04:00:00Z,24.5,24.7,24.3149,24.7,3973,53,24.4795
2025-06-30T04:00:00Z,24.47,24.75,24.47,24.75,1200,13,24.7183
2025-07-01T04:00:00Z,24.53,24.5356,24.53,24.5356,1164,9,24.5343
2025-07-02T04:00:00Z,24.67,24.67,24.55,24.55,371,5,24.6335
2025-07-03T04:00:00Z,24.78,24.78,24.5601,24.5601,725,8,24.6315
2025-07-07T04:00:00Z,24.57,24.66,24.56,24.6466,2419,24,24.586
2025-07-08T04:00:00Z,24.77,24.77,24.5701,24.5701,861,5,24.7206
2025-07-09T04:00:00Z,24.6,24.7363,24.6,24.7363,763,6,24.6459
2025-07-10T04:00:00Z,24.65,24.65,24.65,24.65,562,6,24.65
2025-07-11T04:00:00Z,24.65,24.65,24.65,24.65,0,0,0
2025-07-14T04:00:00Z,24.61,24.6101,24.61,24.6101,441,8,24.6101
2025-07-15T04:00:00Z,24.6101,24.6101,24.6101,24.6101,0,0,0
2025-07-16T04:00:00Z,24.6,24.6001,24.6,24.6001,1443,10,24.6
2025-07-17T04:00:00Z,24.6,24.675,24.6,24.6,1875,11,24.6331
2025-07-18T04:00:00Z,24.61,24.62,24.61,24.62,621,7,24.6169
2025-07-21T04:00:00Z,24.8999,24.8999,24.8999,24.8999,353,11,24.8999
2025-07-22T04:00:00Z,24.66,24.85,24.66,24.85,1546,11,24.7551
2025-07-23T04:00:00Z,24.81,24.81,24.63,24.7,592,9,24.7133
2025-07-24T04:00:00Z,24.6775,24.6775,24.64,24.64,1330,8,24.6725
2025-07-25T04:00:00Z,24.69,24.7,24.64,24.6589,841,7,24.6825
2025-07-28T04:00:00Z,24.6589,24.6589,24.6589,24.6589,0,0,0
2025-07-29T04:00:00Z,24.68,24.68,24.68,24.68,407,9,24.68
2025-07-30T04:00:00Z,24.79,24.8,24.79,24.8,1021,16,24.7978
2025-07-31T04:00:00Z,24.7,24.7,24.7,24.7,259,8,24.7
2025-08-01T04:00:00Z,24.68,24.68,24.68,24.68,417,12,24.68
2025-08-04T04:00:00Z,24.68,24.68,24.68,24.68,0,0,0
2025-08-05T04:00:00Z,24.79,24.79,24.79,24.79,479,6,24.79
2025-08-06T04:00:00Z,24.79,24.79,24.79,24.79,0,0,0
2025-08-07T04:00:00Z,24.785,24.785,24.66,24.7,1857,16,24.6892
2025-08-08T04:00:00Z,24.8,24.8,24.8,24.8,480,11,24.8
2025-08-11T04:00:00Z,24.66,24.7995,24.66,24.69,4136,18,24.72
2025-08-12T04:00:00Z,24.7899,24.7899,24.7899,24.7899,219,9,24.7899
2025-08-13T04:00:00Z,24.68,24.71,24.67,24.71,980,13,24.6886
2025-08-14T04:00:00Z,24.7761,24.8,24.5841,24.7999,30377,54,24.6173
2025-08-15T04:00:00Z,24.725,24.725,24.65,24.6875,1712,12,24.6875
2025-08-18T04:00:00Z,24.6687,24.6687,24.6687,24.6687,701,6,24.6687
2025-08-19T04:00:00Z,24.6873,24.73,24.6873,24.73,2541,10,24.7016
2025-08-20T04:00:00Z,24.73,24.73,24.73,24.73,0,0,0
2025-08-21T04:00:00Z,24.78,24.8,24.78,24.8,331,4,24.7875
2025-08-22T04:00:00Z,24.79,24.86,24.79,24.8333,1097,12,24.8227
2025-08-25T04:00:00Z,24.79,24.79,24.79,24.79,230,6,24.79
2025-08-26T04:00:00Z,24.85,24.9,24.85,24.8501,2009,17,24.8773
2025-08-27T04:00:00Z,24.9,24.96,24.9,24.905,663,8,24.9267
2025-08-28T04:00:00Z,24.905,24.905,24.905,24.905,0,0,0
2025-08-29T04:00:00Z,24.91,24.9599,24.91,24.91,1847,11,24.9212
2025-09-02T04:00:00Z,24.8654,24.8654,24.8654,24.8654,176,3,24.8654
2025-09-03T04:00:00Z,24.82,24.87,24.79,24.79,7490,44,24.8432
2025-09-04T04:00:00Z,24.82,24.875,24.82,24.875,610,11,24.8337
2025-09-05T04:00:00Z,24.875,24.875,24.875,24.875,0,0,0
2025-09-08T04:00:00Z,24.9,24.9,24.9,24.9,237,6,24.9
2025-09-09T04:00:00Z,24.914,24.925,24.914,24.925,275,3,24.9185
2025-09-10T04:00:00Z,24.9599,24.9599,24.9088,24.9088,805,12,24.9456
2025-09-11T04:00:00Z,24.9088,24.9088,24.9088,24.9088,0,0,0
2025-09-12T04:00:00Z,24.91,24.91,24.91,24.91,363,7,24.91
2025-09-15T04:00:00Z,24.6,24.9,24.6,24.71,1028,14,24.8352
2025-09-16T04:00:00Z,24.71,24.71,24.7036,24.71,1749,31,24.7078
2025-09-17T04:00:00Z,24.89,24.89,24.75,24.75,5089,55,24.841
2025-09-18T04:00:00Z,24.65,24.8,24.65,24.7,1993,21,24.7423
2025-09-19T04:00:00Z,24.79,24.95,24.79,24.95,765,7,24.844
2025-09-22T04:00:00Z,24.95,24.95,24.95,24.95,0,0,0
2025-09-23T04:00:00Z,24.95,24.95,24.95,24.95,0,0,0
2025-09-24T04:00:00Z,24.81,24.93,24.8,24.8655,2952,33,24.8468
2025-09-25T04:00:00Z,24.8655,24.8655,24.8655,24.8655,0,0,0
2025-09-26T04:00:00Z,24.715,24.81,24.715,24.81,1377,10,24.7263
2025-09-29T04:00:00Z,24.83,24.83,24.646,24.7,2137,16,24.7233
2025-09-30T04:00:00Z,24.72,24.7967,24.7034,24.71,956,12,24.7208
2025-10-01T04:00:00Z,24.79,24.82,24.7307,24.7307,563,13,24.7827
2025-10-02T04:00:00Z,24.63,24.68,24.6,24.68,3525,37,24.6397
2025-10-03T04:00:00Z,24.63,24.7,24.62,24.64,1299,12,24.6417
2025-10-06T04:00:00Z,24.7401,24.7401,24.6,24.71,1379,25,24.6438
2025-10-07T04:00:00Z,24.71,24.71,24.71,24.71,0,0,0
2025-10-08T04:00:00Z,24.75,24.75,24.7,24.7499,745,5,24.7429
2025-10-09T04:00:00Z,24.75,24.7999,24.73,24.7999,1207,12,24.7621
2025-10-10T04:00:00Z,24.61,24.7578,24.61,24.7578,440,7,24.7093
2025-10-13T04:00:00Z,24.77,24.7808,24.7,24.76,4674,21,24.7448
2025-10-14T04:00:00Z,24.73,24.73,24.73,24.73,2043,7,24.73
2025-10-15T04:00:00Z,24.8,24.8,24.73,24.7301,2483,23,24.7595
2025-10-16T04:00:00Z,24.65,24.7156,24.64,24.7156,599,14,24.6842
2025-10-17T04:00:00Z,24.65,24.75,24.65,24.7409,796,9,24.7318
2025-10-20T04:00:00Z,24.7994,24.7994,24.75,24.75,547,27,24.7829
2025-10-21T04:00:00Z,24.7506,24.7506,24.7506,24.7506,347,9,24.7506
2025-10-22T04:00:00Z,24.76,24.76,24.76,24.76,461,9,24.76
2025-10-23T04:00:00Z,24.68,24.7867,24.68,24.68,4708,55,24.7011
2025-10-24T04:00:00Z,24.79,24.79,24.75,24.75,1350,30,24.7536
2025-10-27T04:00:00Z,24.7486,24.7486,24.68,24.68,1379,17,24.7332
2025-10-28T04:00:00Z,24.7,24.82,24.7,24.78,8048,69,24.7437
2025-10-29T04:00:00Z,24.72,24.9,24.72,24.85,4108,85,24.8569
2025-10-30T04:00:00Z,24.9,24.9,24.9,24.9,611,11,24.9
2025-10-31T04:00:00Z,24.9,24.9,24.9,24.9,0,0,0
2025-11-03T05:00:00Z,24.9,24.9,24.9,24.9,0,0,0
2025-11-04T05:00:00Z,24.74,24.74,24.74,24.74,445,15,24.74
2025-11-05T05:00:00Z,24.76,24.78,24.76,24.76,1088,13,24.7666
2025-11-06T05:00:00Z,24.72,24.765,24.72,24.7303,2832,14,24.7284
2025-11-07T05:00:00Z,24.7307,24.74,24.73,24.74,1483,8,24.7326
2025-11-10T05:00:00Z,24.73,24.845,24.73,24.845,779,9,24.7672
2025-11-11T05:00:00Z,24.863,24.863,24.863,24.863,664,7,24.863
2025-11-12T05:00:00Z,24.8,24.8,24.8,24.8,160,5,24.8
2025-11-13T05:00:00Z,24.73,24.73,24.73,24.73,259,7,24.73
2025-11-14T05:00:00Z,24.95,24.95,24.95,24.95,360,7,24.95
2025-11-17T05:00:00Z,24.95,24.95,24.95,24.95,0,0,0
2025-11-18T05:00:00Z,24.73,24.74,24.73,24.73,796,27,24.7346
2025-11-19T05:00:00Z,24.8655,24.96,24.84,24.96,2488,27,24.9298
2025-11-20T05:00:00Z,24.75,24.8,24.75,24.8,1296,12,24.7583
2025-11-21T05:00:00Z,24.72,24.87,24.72,24.87,2404,11,24.7396
2025-11-24T05:00:00Z,24.75,24.75,24.74,24.7454,1238,10,24.7453
2025-11-25T05:00:00Z,24.8266,24.9,24.77,24.86,892,7,24.8627
2025-11-26T05:00:00Z,24.8671,24.8671,24.8671,24.8671,392,8,24.8671
2025-11-28T05:00:00Z,24.87,24.9295,24.87,24.9004,4487,42,24.9019
2025-12-01T05:00:00Z,24.76,24.76,24.76,24.76,1564,31,24.76
2025-12-02T05:00:00Z,24.94,24.94,24.8,24.8,770,18,24.87
2025-12-03T05:00:00Z,24.786,24.89,24.786,24.89,642,15,24.8207
2025-12-04T05:00:00Z,24.801,24.801,24.801,24.801,2026,59,24.801
2025-12-05T05:00:00Z,24.82,24.82,24.82,24.82,919,6,24.82
2025-12-08T05:00:00Z,25,25.02,24.9458,25.02,1147,14,24.967
2025-12-09T05:00:00Z,25.05,25.05,25.05,25.05,180,5,25.05
2025-12-10T05:00:00Z,25.01,25.08,25.01,25.065,1775,16,25.0605
2025-12-11T05:00:00Z,24.93,25.0899,24.93,25.06,1722,22,25
2025-12-12T05:00:00Z,25.1,25.1,25.0627,25.0627,554,8,25.0814
2025-12-15T05:00:00Z,24.87,24.89,24.7,24.88,2525,19,24.815
2025-12-16T05:00:00Z,24.88,24.88,24.88,24.88,0,0,0
2025-12-17T05:00:00Z,24.88,24.88,24.88,24.88,0,0,0
2025-12-18T05:00:00Z,24.88,24.88,24.79,24.826,1844,16,24.8334
2025-12-19T05:00:00Z,24.79,24.79,24.79,24.79,250,2,24.79
2025-12-22T05:00:00Z,24.84,24.84,24.82,24.82,290,3,24.8316
2025-12-23T05:00:00Z,24.8676,24.8676,24.842,24.842,336,6,24.8505
2025-12-24T05:00:00Z,24.732,24.732,24.72,24.72,1007,18,24.7256
2025-12-26T05:00:00Z,24.8,24.8,24.8,24.8,172,5,24.8
2025-12-29T05:00:00Z,24.7,24.85,24.7,24.85,1314,17,24.7615
2025-12-30T05:00:00Z,24.85,24.85,24.85,24.85,0,0,0
2025-12-31T05:00:00Z,24.8,24.89,24.8,24.85,13468,117,24.8751
