timestamp,open,high,low,close,volume,tradeCount,vwap
2022-10-11T04:00:00Z,20.04,20.23,19.93,19.933,502206,107,19.931
2022-10-12T04:00:00Z,19.96,19.9801,19.8288,19.8288,109673,170,19.9285
2022-10-13T04:00:00Z,21,21,19.3798,20.3,107518,583,20.0155
2022-10-14T04:00:00Z,20.64,20.64,19.72,19.77,52972,252,20.0502
2022-10-17T04:00:00Z,19.97,20.25,19.97,20.21,24317,148,20.1564
2022-10-18T04:00:00Z,20.35,20.6642,20.24,20.45,215793,466,20.5299
2022-10-19T04:00:00Z,20.49,20.49,20.12,20.3136,132421,382,20.2792
2022-10-20T04:00:00Z,20.23,20.39,19.94,20.0301,77413,249,20.2818
2022-10-21T04:00:00Z,20.07,20.41,19.87,20.373,85721,393,20.2386
2022-10-24T04:00:00Z,20.41,20.77,20.33,20.7125,88176,571,20.5953
2022-10-25T04:00:00Z,20.71,21.21,20.71,21.16,99389,1027,21.0803
2022-10-26T04:00:00Z,21.5,21.51,21.12,21.1589,179126,724,21.3627
2022-10-27T04:00:00Z,21.445,21.47,21.28,21.2926,26344,72,21.3743
2022-10-28T04:00:00Z,21.48,21.8328,21.45,21.8328,11125,41,21.6975
2022-10-31T04:00:00Z,21.84,21.84,21.57,21.6243,10176,63,21.6446
2022-11-01T04:00:00Z,21.67,21.93,21.6485,21.6485,19771,87,21.6913
2022-11-02T04:00:00Z,21.69,21.69,21.1998,21.2109,4128,58,21.6129
2022-11-03T04:00:00Z,21.13,21.3749,21,21.2474,13786,84,21.2911
2022-11-04T04:00:00Z,21.3,21.7199,21.22,21.4825,6641,50,21.4707
2022-11-07T05:00:00Z,21.57,21.71,21.481,21.6646,3939,52,21.5518
2022-11-08T05:00:00Z,21.9,22.02,21.66,21.8004,22048,166,21.8907
2022-11-09T05:00:00Z,21.85,21.85,21.298,21.298,7822,78,21.6325
2022-11-10T05:00:00Z,21.35,22.47,21.35,22.47,8488,106,22.1803
2022-11-11T05:00:00Z,22.55,22.68,22.4499,22.63,4977,55,22.5617
2022-11-14T05:00:00Z,22.71,22.71,22.33,22.33,38188,138,22.545
2022-11-15T05:00:00Z,22.4,22.88,22.4,22.61,18976,92,22.6815
2022-11-16T05:00:00Z,22.56,22.56,22.37,22.4393,18538,151,22.4589
2022-11-17T05:00:00Z,22.34,22.34,22.11,22.31,14315,107,22.2301
2022-11-18T05:00:00Z,22.35,22.46,22.1309,22.36,5766,46,22.3201
2022-11-21T05:00:00Z,22.34,22.36,22.24,22.3003,6024,55,22.2935
2022-11-22T05:00:00Z,22.35,22.63,22.35,22.6249,10079,39,22.5096
2022-11-23T05:00:00Z,22.8,22.84,22.68,22.83,6767,43,22.7976
2022-11-25T05:00:00Z,22.885,22.885,22.8558,22.8558,319,16,22.885
2022-11-28T05:00:00Z,22.7751,22.8,22.4833,22.5004,14927,92,22.6659
2022-11-29T05:00:00Z,22.79,22.79,22.44,22.5101,16383,73,22.4673
2022-11-30T05:00:00Z,22.5,23.2015,22.45,23.2015,5397,84,22.536
2022-12-01T05:00:00Z,23.52,23.52,23.08,23.12,16681,61,23.1677
2022-12-02T05:00:00Z,22.91,23.18,22.89,23.16,6295,37,23.0533
2022-12-05T05:00:00Z,22.91,22.97,22.7501,22.79,15779,64,22.9067
2022-12-06T05:00:00Z,23.03,23.03,22.41,22.52,17047,75,22.5942
2022-12-07T05:00:00Z,22.593,22.593,22.4601,22.489,4969,49,22.4904
2022-12-08T05:00:00Z,22.51,22.73,22.51,22.7,5466,56,22.6566
2022-12-09T05:00:00Z,22.69,22.8793,22.64,22.64,6469,58,22.7594
2022-12-12T05:00:00Z,22.76,22.85,22.62,22.82,20485,51,22.6682
2022-12-13T05:00:00Z,23.2897,23.31,22.9,22.93,5171,51,23.0974
2022-12-14T05:00:00Z,22.87,23.01,22.56,22.72,9991,88,22.8479
2022-12-15T05:00:00Z,22.4,22.45,22.14,22.218,17606,95,22.206
2022-12-16T05:00:00Z,22.05,22.11,21.85,21.9653,8867,52,21.9079
2022-12-19T05:00:00Z,22.21,22.21,21.73,21.79,10781,74,21.9127
2022-12-20T05:00:00Z,21.89,21.89,21.69,21.69,12913,91,21.7749
2022-12-21T05:00:00Z,22.08,22.18,21.99,22.1,6612,49,22.0583
2022-12-22T05:00:00Z,22.08,22.08,21.39,21.64,18783,168,21.5357
2022-12-23T05:00:00Z,21.88,21.88,21.565,21.77,12515,74,21.7296
2022-12-27T05:00:00Z,21.96,21.96,21.6,21.61,2751,51,21.6859
2022-12-28T05:00:00Z,21.6,21.67,21.37,21.4648,12054,69,21.4395
2022-12-29T05:00:00Z,21.41,21.7,21.41,21.6765,3654,47,21.598
2022-12-30T05:00:00Z,21.36,21.64,21.36,21.61,2426,31,21.4493
2023-01-03T05:00:00Z,21.9,22.15,21.25,21.4753,6654,97,21.7199
2023-01-04T05:00:00Z,21.61,21.94,21.61,21.94,2712,33,21.8955
2023-01-05T05:00:00Z,21.6213,21.75,21.6212,21.69,9092,39,21.6916
2023-01-06T05:00:00Z,21.99,22.33,21.99,22.25,4163,49,22.2465
2023-01-09T05:00:00Z,22.52,22.71,22.3782,22.3782,13762,111,22.586
2023-01-10T05:00:00Z,22.45,22.528,22.3493,22.528,1311,27,22.3958
2023-01-11T05:00:00Z,22.61,22.7161,22.61,22.7161,2489,35,22.6475
2023-01-12T05:00:00Z,22.58,22.91,22.51,22.8658,4631,49,22.8211
2023-01-13T05:00:00Z,22.91,22.9456,22.64,22.9456,5714,55,22.8472
2023-01-17T05:00:00Z,23.08,23.165,23.08,23.1288,3480,74,23.1329
2023-01-18T05:00:00Z,23.035,23.035,22.7429,22.7635,11345,53,22.8371
2023-01-19T05:00:00Z,22.46,22.515,22.329,22.4196,7211,36,22.4095
2023-01-20T05:00:00Z,22.72,22.8691,22.45,22.8691,1093,25,22.6312
2023-01-23T05:00:00Z,22.9,23.33,22.9,23.2891,7756,54,23.2299
2023-01-24T05:00:00Z,23.31,23.31,23.08,23.2677,9577,76,23.256
2023-01-25T05:00:00Z,22.9127,23.26,22.9127,23.2358,15724,51,23.0217
2023-01-26T05:00:00Z,23.335,23.5787,23.335,23.5787,2576,35,23.4784
2023-01-27T05:00:00Z,23.69,23.93,23.58,23.8081,7864,79,23.8274
2023-01-30T05:00:00Z,22.58,23.77,22.58,23.3822,7549,61,23.363
2023-01-31T05:00:00Z,23.4405,23.7066,23.4405,23.7066,3833,29,23.6056
2023-02-01T05:00:00Z,23.75,24.14,23.5995,24.0989,3908,51,23.69
2023-02-02T05:00:00Z,24.22,24.425,24.2199,24.2954,4337,41,24.3283
2023-02-03T05:00:00Z,24.275,24.43,24.1294,24.1294,1275,33,24.3651
2023-02-06T05:00:00Z,24.09,24.2201,24.09,24.1362,5187,36,24.1706
2023-02-07T05:00:00Z,24.13,24.45,24,24.4492,4877,73,24.1585
2023-02-08T05:00:00Z,24.41,24.425,24.3211,24.3262,4806,46,24.391
2023-02-09T05:00:00Z,24.6,24.62,24.1692,24.2185,6418,55,24.499
2023-02-10T05:00:00Z,24.11,24.11,23.9199,24.0914,7695,58,24.0353
2023-02-13T05:00:00Z,24.33,24.33,24,24.2393,5499,49,24.1799
2023-02-14T05:00:00Z,24.56,24.59,24.1601,24.5887,3672,50,24.4338
2023-02-15T05:00:00Z,24.505,24.6667,24.505,24.6667,3379,49,24.582
2023-02-16T05:00:00Z,24.59,24.68,24.2409,24.2409,9406,72,24.4713
2023-02-17T05:00:00Z,24.22,24.2666,24.08,24.2666,1954,41,24.2006
2023-02-21T05:00:00Z,23.93,23.93,23.7178,23.7178,2232,70,23.8907
2023-02-22T05:00:00Z,23.8,23.8269,23.61,23.6759,3561,43,23.7406
2023-02-23T05:00:00Z,24.0938,24.0938,23.7275,23.9946,14743,69,23.9185
2023-02-24T05:00:00Z,23.5499,23.73,23.5499,23.6864,3401,58,23.6149
2023-02-27T05:00:00Z,24.01,24.01,23.8619,23.8619,4400,52,23.9302
2023-02-28T05:00:00Z,24.17,24.17,23.7868,23.7944,8332,43,23.9047
2023-03-01T05:00:00Z,23.51,23.646,23.51,23.646,1753,45,23.6067
2023-03-02T05:00:00Z,23.57,23.679,23.3,23.6602,22458,97,23.4566
2023-03-03T05:00:00Z,23.94,24.0395,23.7399,24.0395,9382,85,23.9577
2023-03-06T05:00:00Z,24.23,24.23,23.888,23.888,3854,50,24.0226
2023-03-07T05:00:00Z,23.76,23.77,23.4,23.4021,5424,53,23.6431
2023-03-08T05:00:00Z,23.395,23.4926,23.335,23.4926,3965,38,23.4378
2023-03-09T05:00:00Z,23.5356,23.5356,22.8435,22.8435,9480,70,23.0978
2023-03-10T05:00:00Z,22.7,22.791,22.4197,22.4197,4413,68,22.6648
2023-03-13T04:00:00Z,22,22.64,22,22.4016,8438,88,22.4114
2023-03-14T04:00:00Z,22.845,22.98,22.7662,22.8668,2711,34,22.9122
2023-03-15T04:00:00Z,22.56,22.69,22.4052,22.6631,5481,43,22.5725
2023-03-16T04:00:00Z,22.7,23.1315,22.61,23.1315,3653,36,22.9557
2023-03-17T04:00:00Z,23.0994,23.0996,22.7908,22.9007,2042,25,23.0218
2023-03-20T04:00:00Z,23.13,23.2,23.02,23.1876,4518,37,23.1297
2023-03-21T04:00:00Z,23.59,23.66,23.45,23.5861,3857,55,23.4901
2023-03-22T04:00:00Z,23.599,23.65,23.1527,23.1527,5599,56,23.55
2023-03-23T04:00:00Z,23.3609,23.4401,23,23.1681,7394,48,23.2578
2023-03-24T04:00:00Z,22.98,23.1792,22.98,23.1789,1926,31,23.0858
2023-03-27T04:00:00Z,23.41,23.43,23.3,23.3144,3474,25,23.3086
2023-03-28T04:00:00Z,23.24,23.32,23.17,23.3007,10827,97,23.2641
2023-03-29T04:00:00Z,23.42,23.76,23.42,23.7344,4737,48,23.59
2023-03-30T04:00:00Z,24.11,24.11,23.753,23.8279,2978,40,23.8064
2023-03-31T04:00:00Z,23.9836,24.2604,23.9836,24.2604,3860,46,24.1252
2023-04-03T04:00:00Z,24.48,24.48,24.0503,24.2057,2742,39,24.0943
2023-04-04T04:00:00Z,24.155,24.155,23.94,24,6561,66,24.0051
2023-04-05T04:00:00Z,23.93,23.93,23.8,23.91,6989,52,23.8646
2023-04-06T04:00:00Z,23.81,23.9,23.7987,23.8647,7410,44,23.8352
2023-04-10T04:00:00Z,23.8,24.14,23.8,24.14,3590,37,24.0616
2023-04-11T04:00:00Z,24.38,24.39,24.27,24.27,2951,36,24.3461
2023-04-12T04:00:00Z,24.7,24.7,24.09,24.11,13392,67,24.1979
2023-04-13T04:00:00Z,24.19,24.3594,24.19,24.2989,4162,75,24.2665
2023-04-14T04:00:00Z,24.2,24.35,24,24.0636,3779,52,24.1427
2023-04-17T04:00:00Z,24.0808,24.2132,24.0498,24.2132,2524,80,24.0713
2023-04-18T04:00:00Z,24.3466,24.39,24.3244,24.38,9094,125,24.3628
2023-04-19T04:00:00Z,24.14,24.46,24.14,24.3737,9489,61,24.3778
2023-04-20T04:00:00Z,24.17,24.17,23.96,24.0111,3087,54,24.1243
2023-04-21T04:00:00Z,23.97,24.08,23.97,24.0259,3204,47,24.0293
2023-04-24T04:00:00Z,24.27,24.27,23.91,24.0372,4643,53,24.0183
2023-04-25T04:00:00Z,23.8047,23.82,23.626,23.626,4645,66,23.7883
2023-04-26T04:00:00Z,23.645,23.66,23.3863,23.3863,5204,60,23.6221
2023-04-27T04:00:00Z,23.68,23.77,23.4501,23.7629,3666,40,23.6044
2023-04-28T04:00:00Z,23.8,24.1689,23.8,24.1689,3584,35,23.9447
2023-05-01T04:00:00Z,24.14,24.22,24.1284,24.1372,2558,32,24.172
2023-05-02T04:00:00Z,24,24,23.71,23.8863,3414,50,23.8113
2023-05-03T04:00:00Z,23.87,23.87,23.61,23.6116,6181,41,23.8165
2023-05-04T04:00:00Z,23.4804,23.56,23.4357,23.5535,2532,43,23.514
2023-05-05T04:00:00Z,23.85,24.0028,23.85,24.0028,679,17,23.8921
2023-05-08T04:00:00Z,24.25,24.25,23.8292,23.8412,1445,37,23.9422
2023-05-09T04:00:00Z,23.77,23.8101,23.7213,23.7852,2296,26,23.7804
2023-05-10T04:00:00Z,23.8602,23.87,23.755,23.8077,1641,25,23.8115
2023-05-11T04:00:00Z,23.6499,23.73,23.64,23.73,2774,37,23.6701
2023-05-12T04:00:00Z,23.8556,23.8556,23.5899,23.6216,2604,24,23.7067
2023-05-15T04:00:00Z,23.73,23.86,23.73,23.789,4143,34,23.7841
2023-05-16T04:00:00Z,23.78,23.78,23.5562,23.5562,6422,46,23.6861
2023-05-17T04:00:00Z,23.625,23.9391,23.625,23.9391,1382,17,23.7295
2023-05-18T04:00:00Z,24,24.1891,23.96,24.1891,3370,24,23.986
2023-05-19T04:00:00Z,24.14,24.1807,24.14,24.1807,259,23,24.14
2023-05-22T04:00:00Z,24.25,24.29,24.2291,24.2291,4387,45,24.2731
2023-05-23T04:00:00Z,24.2699,24.27,24.0284,24.0284,6196,31,24.1963
2023-05-24T04:00:00Z,23.9,23.9,23.7,23.7832,4406,37,23.7679
2023-05-25T04:00:00Z,24.3401,24.43,24.3099,24.36,2329,39,24.3488
2023-05-26T04:00:00Z,24.67,24.71,24.63,24.6743,3331,56,24.6568
2023-05-30T04:00:00Z,25.09,25.09,24.81,24.8316,3077,48,24.9061
2023-05-31T04:00:00Z,24.75,24.75,24.54,24.6943,2238,39,24.6193
2023-06-01T04:00:00Z,24.98,24.98,24.65,24.8504,8052,80,24.8519
2023-06-02T04:00:00Z,25.2,25.31,25.2,25.2849,8253,64,25.2963
2023-06-05T04:00:00Z,25.61,25.61,25.1101,25.2023,3478,77,25.3918
2023-06-06T04:00:00Z,25.43,25.43,25.12,25.2682,12868,115,25.1668
2023-06-07T04:00:00Z,25.6,25.6,25.36,25.3623,5135,115,25.4311
2023-06-08T04:00:00Z,25.37,25.58,25.37,25.5532,6635,97,25.4909
2023-06-09T04:00:00Z,25.88,25.88,25.5332,25.5332,4041,64,25.6829
2023-06-12T04:00:00Z,25.84,25.84,25.543,25.73,9296,92,25.625
2023-06-13T04:00:00Z,26.13,26.13,25.89,26.0278,6811,77,26.0139
2023-06-14T04:00:00Z,26.18,26.18,26,26.0788,2720,68,26.0779
2023-06-15T04:00:00Z,26.1197,26.36,26.095,26.2973,5035,85,26.2799
2023-06-16T04:00:00Z,26.465,26.53,26.375,26.39,3615,80,26.4439
2023-06-20T04:00:00Z,26.41,26.45,26.17,26.4346,6023,140,26.3581
2023-06-21T04:00:00Z,26.68,26.68,26.25,26.3049,4830,92,26.3433
2023-06-22T04:00:00Z,26.48,26.48,26.1472,26.3033,4367,78,26.2677
2023-06-23T04:00:00Z,26.085,26.24,26.07,26.1333,4705,76,26.1443
2023-06-26T04:00:00Z,26.1497,26.1497,25.9393,25.9393,3881,73,25.9988
2023-06-27T04:00:00Z,26.1,26.3966,26.0925,26.3876,12591,87,26.2946
2023-06-28T04:00:00Z,26.56,26.56,26.34,26.44,22261,71,26.4123
2023-06-29T04:00:00Z,26.49,26.62,26.4548,26.62,12416,108,26.5908
2023-06-30T04:00:00Z,26.8346,26.95,26.83,26.9,9245,94,26.8953
2023-07-03T04:00:00Z,27.34,27.34,27.2,27.2381,4086,52,27.2753
2023-07-05T04:00:00Z,27.44,27.44,27.07,27.2,5524,141,27.2142
2023-07-06T04:00:00Z,26.79,26.99,26.76,26.9777,7056,79,26.8057
2023-07-07T04:00:00Z,26.99,27.21,26.95,26.9541,4595,56,27.0959
2023-07-10T04:00:00Z,27.18,27.18,27,27.1611,7443,68,27.0995
2023-07-11T04:00:00Z,27.34,27.4671,27.1922,27.4671,10294,69,27.309
2023-07-12T04:00:00Z,27.71,27.71,27.5814,27.6377,12519,118,27.6724
2023-07-13T04:00:00Z,27.98,28.06,27.7299,28.03,12992,66,27.8426
2023-07-14T04:00:00Z,28.28,28.28,27.8973,27.8973,7992,95,28.0191
2023-07-17T04:00:00Z,28.15,28.15,27.955,27.9826,5502,93,28.0206
2023-07-18T04:00:00Z,28.37,28.37,28.22,28.3403,8650,93,28.2796
2023-07-19T04:00:00Z,28.69,28.69,28.2998,28.35,9917,145,28.399
2023-07-20T04:00:00Z,28.26,28.2692,28.17,28.21,10817,131,28.21
2023-07-21T04:00:00Z,28.5,28.5,28.1,28.1,5871,141,28.2053
2023-07-24T04:00:00Z,28.11,28.35,28.1,28.31,9890,96,28.2805
2023-07-25T04:00:00Z,28.21,28.45,28.21,28.37,10099,91,28.3856
2023-07-26T04:00:00Z,28.37,28.57,28.37,28.49,5389,103,28.4401
2023-07-27T04:00:00Z,28.55,28.55,28.13,28.13,1372,62,28.4397
2023-07-28T04:00:00Z,28.21,28.3599,28.21,28.3499,3258,46,28.3028
2023-07-31T04:00:00Z,28.5,28.5,28.291,28.336,13838,74,28.3097
2023-08-01T04:00:00Z,28.64,28.64,28.225,28.3093,3062,56,28.3384
2023-08-02T04:00:00Z,28.39,28.39,27.72,27.8015,15741,208,27.8593
2023-08-03T04:00:00Z,27.8,27.95,27.72,27.8386,4402,56,27.8304
2023-08-04T04:00:00Z,28,28,27.6198,27.6198,7080,71,27.8791
2023-08-07T04:00:00Z,27.84,27.871,27.7,27.871,5118,74,27.8032
2023-08-08T04:00:00Z,27.7,27.8315,27.6401,27.8315,1940,47,27.705
2023-08-09T04:00:00Z,27.8,27.8,27.5747,27.5747,11825,156,27.6722
2023-08-10T04:00:00Z,27.8,27.9746,27.56,27.6055,6031,83,27.6864
2023-08-11T04:00:00Z,27.4799,27.54,27.4799,27.4995,3007,41,27.5019
2023-08-14T04:00:00Z,27.54,27.5864,27.54,27.5864,1360,39,27.562
2023-08-15T04:00:00Z,27.88,27.88,27.3481,27.3481,3104,51,27.5668
2023-08-16T04:00:00Z,27.16,27.39,27.1556,27.1556,5908,88,27.3188
2023-08-17T04:00:00Z,27.42,27.42,26.8078,26.8287,7388,48,26.9134
2023-08-18T04:00:00Z,26.61,26.7299,26.59,26.7204,8300,126,26.626
2023-08-21T04:00:00Z,27.11,27.11,26.8,27.08,8823,104,26.967
2023-08-22T04:00:00Z,27.61,27.61,26.845,26.8477,125022,160,26.9389
2023-08-23T04:00:00Z,27,27.2,26.96,27.1692,10284,387,27.0615
2023-08-24T04:00:00Z,27.2,27.25,26.8,26.8128,4490,79,27.0082
2023-08-25T04:00:00Z,26.8,26.9216,26.63,26.9216,14425,80,26.8211
2023-08-28T04:00:00Z,27.17,27.23,27.08,27.2127,7180,65,27.135
2023-08-29T04:00:00Z,27.2,27.82,27.2,27.7984,5203,80,27.5988
2023-08-30T04:00:00Z,27.93,27.93,27.7762,27.85,11823,90,27.8481
2023-08-31T04:00:00Z,27.8693,27.87,27.7195,27.7195,4849,64,27.8429
2023-09-01T04:00:00Z,27.775,27.775,27.4968,27.5457,6654,82,27.5842
2023-09-05T04:00:00Z,27.63,27.63,27.3981,27.3981,5297,90,27.464
2023-09-06T04:00:00Z,27.1001,27.21,27.0206,27.1806,14212,82,27.1337
2023-09-07T04:00:00Z,27.03,27.1299,26.92,27.1,8014,97,27.0689
2023-09-08T04:00:00Z,27.1,27.12,27.01,27.09,5784,75,27.082
2023-09-11T04:00:00Z,27.2276,27.369,27.2276,27.326,3916,74,27.2955
2023-09-12T04:00:00Z,27.3118,27.402,27.229,27.28,8954,73,27.3187
2023-09-13T04:00:00Z,27.34,27.34,27.125,27.26,13124,88,27.2836
2023-09-14T04:00:00Z,27.65,27.65,27.47,27.5585,8108,64,27.5463
2023-09-15T04:00:00Z,27.2799,27.28,27.15,27.2,6017,54,27.217
2023-09-18T04:00:00Z,27.45,27.45,27.14,27.156,6479,79,27.1862
2023-09-19T04:00:00Z,27.0399,27.15,27.0036,27.09,2683,39,27.0564
2023-09-20T04:00:00Z,27.22,27.34,26.96,26.96,4350,54,27.1068
2023-09-21T04:00:00Z,26.71,26.71,26.46,26.5206,13551,77,26.6388
2023-09-22T04:00:00Z,26.54,26.5598,26.3937,26.3937,2726,49,26.5252
2023-09-25T04:00:00Z,26.39,26.4918,26.2807,26.4918,3191,53,26.3815
2023-09-26T04:00:00Z,26.3133,26.348,26.11,26.1258,5696,75,26.29
2023-09-27T04:00:00Z,26.2,26.2,25.96,26.18,4809,67,26.1353
2023-09-28T04:00:00Z,26.35,26.46,26.35,26.373,6132,48,26.4146
2023-09-29T04:00:00Z,26.515,26.5699,26.2221,26.3014,10253,47,26.3417
2023-10-02T04:00:00Z,26.1873,26.25,26.07,26.1674,7617,50,26.1233
2023-10-03T04:00:00Z,25.808,25.93,25.78,25.8188,139413,55,25.7856
2023-10-04T04:00:00Z,25.87,26.06,25.82,26.06,21133,62,25.9247
2023-10-05T04:00:00Z,26.01,26.11,25.8601,26.0442,13498,113,26.0082
2023-10-06T04:00:00Z,25.73,26.36,25.7,26.2806,6530,61,26.217
2023-10-09T04:00:00Z,26.17,26.479,26.17,26.4533,7532,72,26.3066
2023-10-10T04:00:00Z,26.735,26.82,26.6753,26.6753,2767,59,26.7919
2023-10-11T04:00:00Z,26.71,26.81,26.621,26.8075,3599,96,26.7189
2023-10-12T04:00:00Z,26.699,26.785,26.42,26.5476,5007,78,26.6104
2023-10-13T04:00:00Z,26.5999,26.5999,26.451,26.4623,6081,82,26.4993
2023-10-16T04:00:00Z,26.61,26.86,26.61,26.86,5112,81,26.8114
2023-10-17T04:00:00Z,26.78,26.945,26.7518,26.8277,5074,52,26.8363
2023-10-18T04:00:00Z,26.6431,26.6431,26.4005,26.4005,2444,38,26.5803
2023-10-19T04:00:00Z,26.44,26.44,26.02,26.07,9168,63,26.1957
2023-10-20T04:00:00Z,25.83,25.83,25.67,25.67,7642,74,25.7701
2023-10-23T04:00:00Z,25.6,25.94,25.57,25.73,5586,78,25.8092
2023-10-24T04:00:00Z,25.87,26.02,25.72,25.9314,8739,74,25.8849
2023-10-25T04:00:00Z,25.86,25.86,25.65,25.6605,2301,37,25.8081
2023-10-26T04:00:00Z,25.69,25.69,25.36,25.44,11770,112,25.5355
2023-10-27T04:00:00Z,25.305,25.33,25.0618,25.0618,1815,48,25.2108
2023-10-30T04:00:00Z,25.1392,25.29,25.08,25.28,8599,44,25.2287
2023-10-31T04:00:00Z,25.2893,25.5,25.285,25.5,3455,63,25.3441
2023-11-01T04:00:00Z,25.52,25.76,25.51,25.73,6613,198,25.6101
2023-11-02T04:00:00Z,25.97,26.41,25.97,26.38,5606,58,26.294
2023-11-03T04:00:00Z,26.715,26.8,26.715,26.7231,6879,51,26.7731
2023-11-06T05:00:00Z,26.6585,26.7,26.6,26.6884,2737,41,26.6628
2023-11-07T05:00:00Z,26.66,26.78,26.63,26.7199,2345,44,26.6957
2023-11-08T05:00:00Z,26.7499,26.82,26.6453,26.79,7915,56,26.7279
2023-11-09T05:00:00Z,26.95,26.95,26.54,26.5787,3447,38,26.7474
2023-11-10T05:00:00Z,26.67,27.0188,26.65,27.018,10971,68,26.9352
2023-11-13T05:00:00Z,26.99,27.1,26.99,27.0575,2741,128,27.0364
2023-11-14T05:00:00Z,27.55,27.68,27.5442,27.6018,119443,44,27.59
2023-11-15T05:00:00Z,27.8838,27.915,27.82,27.84,5623,79,27.8661
2023-11-16T05:00:00Z,27.68,27.68,27.54,27.6,15013,127,27.5971
2023-11-17T05:00:00Z,27.7,27.7563,27.69,27.72,15463,86,27.72
2023-11-20T05:00:00Z,27.865,28.06,27.865,28.03,2330,43,28.0028
2023-11-21T05:00:00Z,27.94,28.01,27.93,27.9636,11195,60,27.9701
2023-11-22T05:00:00Z,28.06,28.06,27.88,27.9991,13986,78,27.944
2023-11-24T05:00:00Z,28,28.1,27.98,28.05,3429,30,28.0595
2023-11-27T05:00:00Z,27.99,27.99,27.92,27.93,4738,100,27.9433
2023-11-28T05:00:00Z,27.84,28.0442,27.84,28,5342,77,27.9752
2023-11-29T05:00:00Z,28.1801,28.22,28.11,28.11,10576,153,28.181
2023-11-30T05:00:00Z,28.1,28.22,28.0425,28.22,10185,81,28.1188
2023-12-01T05:00:00Z,28.215,28.5252,28.215,28.5252,4579,61,28.3636
2023-12-04T05:00:00Z,28.44,28.58,28.42,28.56,3640,56,28.5115
2023-12-05T05:00:00Z,28.52,28.5316,28.3556,28.41,10252,89,28.4177
2023-12-06T05:00:00Z,28.53,28.53,28.3185,28.3185,5620,58,28.3989
2023-12-07T05:00:00Z,28.44,28.5277,28.44,28.5277,5879,49,28.4813
2023-12-08T05:00:00Z,28.63,28.77,28.63,28.7399,1957,64,28.6779
2023-12-11T05:00:00Z,28.8899,28.92,28.8402,28.91,16709,60,28.8908
2023-12-12T05:00:00Z,28.86,29.06,28.84,29.0462,17410,112,28.9899
2023-12-13T05:00:00Z,29.09,29.63,29.06,29.6094,15130,76,29.435
2023-12-14T05:00:00Z,29.94,30.13,29.94,29.9569,8752,86,30.0072
2023-12-15T05:00:00Z,30.05,30.07,29.93,30.0017,10394,77,30.0114
2023-12-18T05:00:00Z,30.07,30.11,30.06,30.0876,2978,59,30.0847
2023-12-19T05:00:00Z,30.2,30.24,30.13,30.1882,10627,94,30.1733
2023-12-20T05:00:00Z,30.26,30.28,29.67,29.674,16320,105,30.1823
2023-12-21T05:00:00Z,29.975,30.05,29.89,30.0101,2118,54,29.9947
2023-12-22T05:00:00Z,29.15,29.22,29.15,29.1778,3853,57,29.1788
2023-12-26T05:00:00Z,29.32,29.3584,29.32,29.3456,1931,49,29.3458
2023-12-27T05:00:00Z,29.498,29.56,29.4325,29.5281,9077,99,29.5105
2023-12-28T05:00:00Z,29.62,29.64,29.4817,29.4817,16984,103,29.6094
2023-12-29T05:00:00Z,29.59,29.59,29.2656,29.37,10134,124,29.3107
2024-01-02T05:00:00Z,29.3,29.44,29.2891,29.3424,4335,78,29.3623
2024-01-03T05:00:00Z,29.05,29.05,28.8502,28.9,3753,69,28.9768
2024-01-04T05:00:00Z,29.12,29.12,28.9296,28.9296,3403,72,29.0144
2024-01-05T05:00:00Z,29,29.17,28.92,28.997,4204,58,29.0322
2024-01-08T05:00:00Z,28.99,29.1957,28.99,29.1957,4675,86,29.1364
2024-01-09T05:00:00Z,29,29.13,28.99,29.02,7757,102,29.0188
2024-01-10T05:00:00Z,28.9499,29.07,28.92,29.07,6516,66,29.0105
2024-01-11T05:00:00Z,29.06,29.06,28.65,28.8568,7390,103,28.8242
2024-01-12T05:00:00Z,28.81,28.9,28.65,28.75,12284,75,28.7439
2024-01-16T05:00:00Z,28.59,28.59,28.49,28.5484,4101,76,28.5291
2024-01-17T05:00:00Z,28.4301,28.48,28.34,28.44,9507,92,28.4166
2024-01-18T05:00:00Z,28.63,28.7,28.43,28.6967,22708,95,28.5309
2024-01-19T05:00:00Z,28.7291,29.13,28.71,29.13,5219,68,28.9428
2024-01-22T05:00:00Z,29.1401,29.19,29.11,29.1774,3336,71,29.1436
2024-01-23T05:00:00Z,29.33,29.33,29.07,29.138,11963,107,29.1238
2024-01-24T05:00:00Z,29.2458,29.34,29.0763,29.0763,15215,123,29.2687
2024-01-25T05:00:00Z,29,29,28.82,28.94,10643,95,28.8784
2024-01-26T05:00:00Z,29.08,29.1599,29.06,29.0878,4882,67,29.1008
2024-01-29T05:00:00Z,29.1,29.33,29.1,29.3278,4338,95,29.1989
2024-01-30T05:00:00Z,29.36,29.51,29.35,29.51,9043,101,29.4495
2024-01-31T05:00:00Z,29.49,29.49,29.1988,29.1988,9443,129,29.3676
2024-02-01T05:00:00Z,29.4021,29.5688,29.4021,29.5688,4226,50,29.4815
2024-02-02T05:00:00Z,29.42,29.53,29.3317,29.504,3639,83,29.4024
2024-02-05T05:00:00Z,29.51,29.51,29.3028,29.4,5847,88,29.3678
2024-02-06T05:00:00Z,29.39,29.39,29.25,29.3092,6936,59,29.2941
2024-02-07T05:00:00Z,29.39,29.55,29.3899,29.4545,5752,70,29.4308
2024-02-08T05:00:00Z,29.71,29.71,29.56,29.6541,3532,71,29.6326
2024-02-09T05:00:00Z,29.8,29.8832,29.7206,29.8832,2888,61,29.7493
2024-02-12T05:00:00Z,30.03,30.19,30.03,30.0842,1912,61,30.108
2024-02-13T05:00:00Z,29.72,29.76,29.5,29.6775,12247,87,29.6177
2024-02-14T05:00:00Z,29.8699,30.13,29.85,30.1265,1571,47,29.9674
2024-02-15T05:00:00Z,30.3,30.35,30.27,30.3291,4641,58,30.3203
2024-02-16T05:00:00Z,30.33,30.42,30.1968,30.1968,5905,89,30.3241
2024-02-20T05:00:00Z,30.1,30.1,29.8,29.9515,9592,97,29.9542
2024-02-21T05:00:00Z,29.86,29.93,29.75,29.9133,8550,91,29.8604
2024-02-22T05:00:00Z,30.2,30.76,30.2,30.7545,11617,89,30.6217
2024-02-23T05:00:00Z,30.8999,30.9,30.7741,30.7741,5784,59,30.8522
2024-02-26T05:00:00Z,30.83,31.07,30.83,30.9807,2203,49,30.9876
2024-02-27T05:00:00Z,31.31,31.31,31.0427,31.1021,7765,66,31.124
2024-02-28T05:00:00Z,31.29,31.4,31.15,31.3,12516,87,31.2957
2024-02-29T05:00:00Z,31.51,31.51,31.3717,31.4714,1797,53,31.4647
2024-03-01T05:00:00Z,31.56,31.7805,31.3999,31.7805,6045,92,31.5481
2024-03-04T05:00:00Z,31.97,32.37,31.97,32.2772,7317,81,32.2198
2024-03-05T05:00:00Z,31.91,32.2993,31.6695,31.6695,3320,98,31.8922
2024-03-06T05:00:00Z,32.18,32.35,31.97,32.1568,11066,111,32.2007
2024-03-07T05:00:00Z,32.53,32.6288,32.44,32.6288,6217,82,32.5342
2024-03-08T05:00:00Z,32.89,32.9,32.3635,32.3641,11410,110,32.4846
2024-03-11T04:00:00Z,32.36,32.69,32.3,32.4156,9641,111,32.5459
2024-03-12T04:00:00Z,32.74,32.74,32.22,32.6954,6661,101,32.4936
2024-03-13T04:00:00Z,32.77,32.94,32.73,32.8987,6860,75,32.8417
2024-03-14T04:00:00Z,32.73,32.73,32.33,32.4434,7180,86,32.4841
2024-03-15T04:00:00Z,32.38,32.61,32.31,32.5795,4655,67,32.428
2024-03-18T04:00:00Z,32.67,32.67,32.27,32.3206,9405,97,32.4809
2024-03-19T04:00:00Z,32.04,32.3201,31.77,32.3201,11301,84,31.9445
2024-03-20T04:00:00Z,32.3,32.8041,32.3,32.8041,4967,94,32.4755
2024-03-21T04:00:00Z,33.14,33.4299,33.1351,33.1824,9986,90,33.3532
2024-03-22T04:00:00Z,33.21,33.22,33.0581,33.1083,14897,97,33.1464
2024-03-25T04:00:00Z,33.4976,33.75,33.4976,33.6628,6482,123,33.6423
2024-03-26T04:00:00Z,33.86,33.86,33.5675,33.5675,13995,124,33.6954
2024-03-27T04:00:00Z,33.5415,33.8909,33.5415,33.8909,6571,107,33.7532
2024-03-28T04:00:00Z,33.94,34.0001,33.54,33.6636,10196,134,33.7385
2024-04-01T04:00:00Z,33.74,33.74,33.25,33.4,11429,132,33.4849
2024-04-02T04:00:00Z,32.93,32.96,32.7054,32.9375,10515,177,32.824
2024-04-03T04:00:00Z,33,33.1798,32.915,32.9535,4909,81,33.0622
2024-04-04T04:00:00Z,33.3418,33.38,32.63,32.63,9176,124,32.9993
2024-04-05T04:00:00Z,32.59,32.9,32.59,32.62,16515,129,32.7125
2024-04-08T04:00:00Z,32.81,32.87,32.77,32.7753,4499,96,32.8298
2024-04-09T04:00:00Z,32.625,32.7591,32.53,32.7591,2891,110,32.6365
2024-04-10T04:00:00Z,32.32,32.51,32.32,32.4893,5498,97,32.3743
2024-04-11T04:00:00Z,32.51,32.68,32.35,32.6401,4013,100,32.6168
2024-04-12T04:00:00Z,32.41,32.46,32.07,32.1146,4473,96,32.298
2024-04-15T04:00:00Z,32.335,32.335,31.6938,31.7021,3523,98,31.8114
2024-04-16T04:00:00Z,31.62,31.63,31.42,31.58,8840,134,31.5369
2024-04-17T04:00:00Z,31.6001,31.6001,31.22,31.22,4687,126,31.3621
2024-04-18T04:00:00Z,31.26,31.44,31.11,31.14,8399,123,31.2354
2024-04-19T04:00:00Z,31.25,31.25,30.94,30.94,4295,75,31.1
2024-04-22T04:00:00Z,30.95,31.4159,30.95,31.2942,10110,87,31.1585
2024-04-23T04:00:00Z,31.658,31.7398,31.6399,31.6578,4726,54,31.6754
2024-04-24T04:00:00Z,31.85,31.9008,31.6037,31.74,4110,72,31.7214
2024-04-25T04:00:00Z,31.52,31.93,31.4409,31.93,7971,96,31.5784
2024-04-26T04:00:00Z,31.84,32.02,31.84,31.92,4564,78,31.962
2024-04-29T04:00:00Z,32.1,32.4612,32.1,32.432,4547,62,32.3436
2024-04-30T04:00:00Z,32.15,32.15,31.7254,31.7254,3137,63,32.0186
2024-05-01T04:00:00Z,31.53,32.02,31.4978,31.6119,3200,70,31.6441
2024-05-02T04:00:00Z,31.6546,31.9,31.6546,31.87,2365,55,31.7079
2024-05-03T04:00:00Z,32.2703,32.4111,32.2703,32.4111,4580,60,32.358
2024-05-06T04:00:00Z,32.59,32.7219,32.59,32.7046,3070,45,32.6774
2024-05-07T04:00:00Z,32.91,32.91,32.62,32.65,5092,65,32.6669
2024-05-08T04:00:00Z,32.57,32.62,32.57,32.62,3091,82,32.6061
2024-05-09T04:00:00Z,32.74,32.76,32.7054,32.76,2152,52,32.7297
2024-05-10T04:00:00Z,32.95,32.95,32.7606,32.8087,4120,42,32.8438
2024-05-13T04:00:00Z,32.96,32.96,32.7359,32.7359,1809,53,32.8183
2024-05-14T04:00:00Z,32.7,33.0995,32.7,33.0995,4848,73,32.8067
2024-05-15T04:00:00Z,33.2703,33.498,33.26,33.498,5004,93,33.3071
2024-05-16T04:00:00Z,33.58,33.58,33.5,33.5113,3886,90,33.5534
2024-05-17T04:00:00Z,33.47,33.58,33.47,33.58,3448,62,33.4909
2024-05-20T04:00:00Z,33.6,33.72,33.4929,33.68,5519,129,33.6296
2024-05-21T04:00:00Z,33.68,33.8,33.68,33.7958,3205,69,33.7152
2024-05-22T04:00:00Z,33.8,33.8,33.41,33.4674,11888,134,33.5576
2024-05-23T04:00:00Z,33.66,33.66,32.99,33.0519,3159,76,33.3121
2024-05-24T04:00:00Z,33.18,33.39,33.15,33.39,3515,48,33.3224
2024-05-28T04:00:00Z,33.45,33.45,33.18,33.3382,6534,111,33.2676
2024-05-29T04:00:00Z,33,33.15,33,33.0739,3901,95,33.1005
2024-05-30T04:00:00Z,33.255,33.3,33.08,33.13,6194,71,33.2127
2024-05-31T04:00:00Z,33.25,33.45,32.9301,33.45,10566,112,33.1467
2024-06-03T04:00:00Z,33.86,33.86,33.21,33.5122,1850,87,33.4659
2024-06-04T04:00:00Z,33.7,33.7,33.475,33.61,19494,133,33.5904
2024-06-05T04:00:00Z,33.82,34.08,33.65,34.07,7940,121,33.8989
2024-06-06T04:00:00Z,34.045,34.11,34.02,34.05,11692,162,34.0503
2024-06-07T04:00:00Z,34.05,34.08,33.84,33.904,13794,79,33.9413
2024-06-10T04:00:00Z,33.86,34.01,33.86,33.977,6491,76,33.9105
2024-06-11T04:00:00Z,33.63,33.722,33.59,33.722,3934,70,33.6399
2024-06-12T04:00:00Z,34.03,34.28,33.99,34.02,8381,93,34.084
2024-06-13T04:00:00Z,34.5,34.5,34.0697,34.3,17949,103,34.2126
2024-06-14T04:00:00Z,34.01,34.19,33.96,34.19,6382,95,34.0328
2024-06-17T04:00:00Z,34.11,34.6881,34.11,34.59,6987,109,34.3718
2024-06-18T04:00:00Z,34.585,34.73,34.55,34.65,8955,124,34.6562
2024-06-20T04:00:00Z,34.56,34.7011,34.33,34.4805,23634,187,34.5414
2024-06-21T04:00:00Z,34.26,34.425,34.26,34.381,5085,107,34.3771
2024-06-24T04:00:00Z,34.4452,34.49,34.33,34.3334,4420,91,34.409
2024-06-25T04:00:00Z,34.3901,34.5035,34.3,34.5035,4870,80,34.4031
2024-06-26T04:00:00Z,34.51,34.51,34.37,34.49,7644,75,34.4368
2024-06-27T04:00:00Z,34.5,34.571,34.44,34.571,4098,98,34.5056
2024-06-28T04:00:00Z,34.71,34.81,34.36,34.4166,8648,115,34.6278
2024-07-01T04:00:00Z,34.57,34.57,34.3608,34.437,11438,118,34.4443
2024-07-02T04:00:00Z,34.6,34.7508,34.5106,34.7508,4905,111,34.6137
2024-07-03T04:00:00Z,34.94,35.2,34.8299,35.2,7922,145,34.9845
2024-07-05T04:00:00Z,35.22,35.22,34.94,35.09,7292,135,35.0351
2024-07-08T04:00:00Z,35.3,35.3,35.12,35.1908,11885,127,35.1667
2024-07-09T04:00:00Z,35.31,35.37,35.264,35.3339,12643,172,35.3422
2024-07-10T04:00:00Z,35.474,35.6274,35.4004,35.6274,15391,156,35.5467
2024-07-11T04:00:00Z,35.9,35.9,35.5052,35.57,9884,197,35.6128
2024-07-12T04:00:00Z,35.8,36.04,35.7995,35.8516,4592,132,35.9396
2024-07-15T04:00:00Z,36.01,36.33,36.01,36.27,28418,339,36.2009
2024-07-16T04:00:00Z,36.18,36.3559,36.08,36.3559,10725,186,36.2579
2024-07-17T04:00:00Z,36.19,36.2,35.875,35.9449,10510,156,35.9809
2024-07-18T04:00:00Z,36.3095,36.31,35.8157,35.8532,7683,142,36.0003
2024-07-19T04:00:00Z,35.73,35.73,35.6631,35.6631,554,66,35.73
2024-07-22T04:00:00Z,35.885,36.1758,35.8596,36.1758,6215,121,36.0435
2024-07-23T04:00:00Z,36.42,36.49,36.2129,36.2129,16235,189,36.4207
2024-07-24T04:00:00Z,35.98,35.98,35.34,35.34,17004,159,35.7692
2024-07-25T04:00:00Z,35.28,35.9,35.28,35.3299,28758,210,35.4812
2024-07-26T04:00:00Z,35.81,36.15,35.81,35.9265,7114,136,35.9205
2024-07-29T04:00:00Z,36.0872,36.13,35.93,36.05,6696,136,36.0799
2024-07-30T04:00:00Z,36.17,36.17,35.75,35.86,9815,181,35.9067
2024-07-31T04:00:00Z,36.33,36.84,36.33,36.53,13588,199,36.5874
2024-08-01T04:00:00Z,36.5,36.5,35.62,35.82,6571,160,35.8465
2024-08-02T04:00:00Z,35.49,35.55,34.86,35.2663,22527,329,35.2191
2024-08-05T04:00:00Z,33.5,34.47,33.42,34.11,42444,394,33.6742
2024-08-06T04:00:00Z,34.32,34.9401,34.24,34.47,119086,348,34.659
2024-08-07T04:00:00Z,34.79,34.79,33.83,33.83,14331,244,34.2549
2024-08-08T04:00:00Z,34.21,34.74,34.2,34.74,8978,147,34.4322
2024-08-09T04:00:00Z,34.64,34.8,34.59,34.7816,3671,124,34.6801
2024-08-12T04:00:00Z,34.92,34.92,34.6,34.6193,4650,154,34.6711
2024-08-13T04:00:00Z,34.89,35.2087,34.86,35.2087,12878,224,35.0494
2024-08-14T04:00:00Z,35.33,35.43,35.1711,35.35,14760,188,35.314
2024-08-15T04:00:00Z,35.66,35.91,35.6409,35.8669,19923,359,35.8449
2024-08-16T04:00:00Z,35.77,36.0247,35.77,36.0233,3588,90,35.969
2024-08-19T04:00:00Z,36.05,36.39,36.05,36.39,5969,114,36.2595
2024-08-20T04:00:00Z,36.38,36.4481,36.1,36.1808,8154,147,36.2096
2024-08-21T04:00:00Z,36.25,36.41,36.218,36.39,8222,135,36.3205
2024-08-22T04:00:00Z,36.39,36.49,36.0045,36.0045,5939,191,36.2305
2024-08-23T04:00:00Z,36.24,36.76,36.24,36.7,24594,269,36.3716
2024-08-26T04:00:00Z,36.82,36.82,36.53,36.56,29806,283,36.6243
2024-08-27T04:00:00Z,36.5,36.62,36.4558,36.609,7581,179,36.5589
2024-08-28T04:00:00Z,36.5,36.6,36.28,36.3471,8063,158,36.3943
2024-08-29T04:00:00Z,36.41,36.52,36.1498,36.1498,5004,163,36.354
2024-08-30T04:00:00Z,36.46,36.5025,36.09,36.5025,7333,111,36.249
2024-09-03T04:00:00Z,36.29,36.29,35.5969,35.7401,9725,201,35.8512
2024-09-04T04:00:00Z,35.745,35.9001,35.61,35.7462,6718,165,35.8275
2024-09-05T04:00:00Z,35.77,35.77,35.35,35.506,2328,106,35.4846
2024-09-06T04:00:00Z,35.33,35.33,34.775,34.7788,11660,251,34.9378
2024-09-09T04:00:00Z,35.07,35.38,35.07,35.2911,3291,71,35.2088
2024-09-10T04:00:00Z,35.43,35.5319,35.11,35.5319,4970,122,35.2804
2024-09-11T04:00:00Z,35.46,35.808,34.8257,35.808,3343,107,35.1815
2024-09-12T04:00:00Z,35.79,36.16,35.79,36.16,3400,87,35.9609
2024-09-13T04:00:00Z,36.16,36.448,36.16,36.33,9401,99,36.3355
2024-09-16T04:00:00Z,36.29,36.3723,36.251,36.3723,2026,92,36.2856
2024-09-17T04:00:00Z,36.36,36.51,36.13,36.1689,1859,74,36.3446
2024-09-18T04:00:00Z,36.24,36.42,36.0662,36.0662,4901,96,36.2133
2024-09-19T04:00:00Z,36.6199,36.7224,36.56,36.615,6072,82,36.6793
2024-09-20T04:00:00Z,36.5,36.5,36.33,36.4822,5643,118,36.454
2024-09-23T04:00:00Z,36.65,36.8138,36.65,36.8138,4394,84,36.7635
2024-09-24T04:00:00Z,36.75,36.8824,36.696,36.8824,4753,108,36.8337
2024-09-25T04:00:00Z,36.86,36.87,36.61,36.61,12747,158,36.7475
2024-09-26T04:00:00Z,36.89,36.98,36.8066,36.8795,2355,70,36.8991
2024-09-27T04:00:00Z,36.94,37.07,36.87,36.98,12417,139,36.9846
2024-09-30T04:00:00Z,36.9,36.9664,36.61,36.9664,3170,109,36.8296
2024-10-01T04:00:00Z,36.93,36.93,36.57,36.7458,3221,89,36.6904
2024-10-02T04:00:00Z,36.53,36.7445,36.52,36.6579,11254,88,36.6272
2024-10-03T04:00:00Z,36.49,36.4973,36.3505,36.4202,1744,109,36.4371
2024-10-04T04:00:00Z,36.73,36.8906,36.59,36.8906,4082,142,36.6908
2024-10-07T04:00:00Z,36.81,36.8361,36.62,36.62,2506,134,36.7924
2024-10-08T04:00:00Z,36.665,36.96,36.665,36.9493,35529,194,36.913
2024-10-09T04:00:00Z,36.93,37.1567,36.93,37.1549,3551,86,37.0662
2024-10-10T04:00:00Z,37.1,37.14,36.9499,37,64732,151,36.9689
2024-10-11T04:00:00Z,37.05,37.19,37.05,37.19,19055,97,37.1258
2024-10-14T04:00:00Z,37.3,37.38,37.27,37.32,6255,158,37.3244
2024-10-15T04:00:00Z,37.66,37.66,37.29,37.29,3481,131,37.3723
2024-10-16T04:00:00Z,37.52,37.62,37.52,37.5775,8836,145,37.5772
2024-10-17T04:00:00Z,37.65,37.7,37.55,37.55,6762,100,37.6092
2024-10-18T04:00:00Z,37.58,37.72,37.578,37.72,5444,123,37.6565
2024-10-21T04:00:00Z,37.69,37.69,37.39,37.56,8826,165,37.5573
2024-10-22T04:00:00Z,37.34,37.5,37.3,37.48,3026,101,37.3856
2024-10-23T04:00:00Z,37.21,37.31,36.97,37.11,12961,194,37.0904
2024-10-24T04:00:00Z,37.46,37.46,37.32,37.42,7188,127,37.3788
2024-10-25T04:00:00Z,37.42,37.54,37.04,37.1447,5237,126,37.2912
2024-10-28T04:00:00Z,37.3,37.3,37.18,37.19,4391,116,37.215
2024-10-29T04:00:00Z,37.02,37.2501,37.02,37.2,4846,131,37.1816
2024-10-30T04:00:00Z,37.22,37.28,37.0659,37.0659,7472,168,37.2309
2024-10-31T04:00:00Z,37.06,37.06,36.63,36.6529,8315,172,36.7791
2024-11-01T04:00:00Z,37.15,37.16,36.69,36.7081,10148,146,36.8082
2024-11-04T05:00:00Z,36.8101,37,36.73,36.8,4013,173,36.9144
2024-11-05T05:00:00Z,37.1978,37.29,37.182,37.29,27323,254,37.2482
2024-11-06T05:00:00Z,38.44,38.595,38.14,38.59,15798,304,38.4186
2024-11-07T05:00:00Z,38.64,38.83,38.5,38.76,14771,234,38.7174
2024-11-08T05:00:00Z,38.87,39.34,38.87,39.24,14945,188,39.1759
2024-11-11T05:00:00Z,39.69,40.07,39.67,40.07,16388,268,39.8246
2024-11-12T05:00:00Z,39.83,39.86,39.52,39.58,16459,224,39.7454
2024-11-13T05:00:00Z,39.71,39.82,39.305,39.3244,11021,176,39.5492
2024-11-14T05:00:00Z,39.46,39.46,38.87,38.9692,15549,152,39.0631
2024-11-15T05:00:00Z,38.8,38.8,38.43,38.6478,9036,152,38.5707
2024-11-18T05:00:00Z,38.8,39.12,38.69,38.941,9664,267,38.84
2024-11-19T05:00:00Z,38.79,39.43,38.79,39.38,12733,161,39.1133
2024-11-20T05:00:00Z,39.4792,39.7391,39.29,39.6333,18513,192,39.4947
2024-11-21T05:00:00Z,39.96,39.989,39.37,39.6336,15001,150,39.8049
2024-11-22T05:00:00Z,39.96,40.3194,39.88,40.1949,11853,140,40.1229
2024-11-25T05:00:00Z,40.53,40.53,40.0332,40.0332,13079,178,40.2477
2024-11-26T05:00:00Z,39.86,39.9436,39.7284,39.7909,8643,198,39.8536
2024-11-27T05:00:00Z,40.09,40.09,39.7449,39.8747,11270,210,39.9009
2024-11-29T05:00:00Z,40.12,40.3099,40.12,40.2435,7814,98,40.2482
2024-12-02T05:00:00Z,40.34,40.34,40.0569,40.1337,15521,196,40.1862
2024-12-03T05:00:00Z,40.02,40.09,39.9145,40.01,13287,192,40.0051
2024-12-04T05:00:00Z,40.0576,40.305,39.96,40.305,12990,167,40.0836
2024-12-05T05:00:00Z,40.46,40.53,40.0794,40.0794,10298,139,40.2562
2024-12-06T05:00:00Z,40.28,40.34,40.1,40.29,26593,189,40.2164
2024-12-09T05:00:00Z,40.37,40.37,39.73,39.74,10107,198,39.88
2024-12-10T05:00:00Z,39.83,40.0092,39.74,39.7483,12356,193,39.8968
2024-12-11T05:00:00Z,40.08,40.2957,40.08,40.2957,7787,121,40.1601
2024-12-12T05:00:00Z,40.31,40.33,40.01,40.06,17503,211,40.2021
2024-12-13T05:00:00Z,40.42,40.4302,40.1699,40.4302,18703,194,40.2909
2024-12-16T05:00:00Z,40.67,41.01,40.596,40.83,10136,300,40.8276
2024-12-17T05:00:00Z,40.75,40.75,40.4499,40.5139,19478,250,40.5519
2024-12-18T05:00:00Z,40.36,40.5501,38.77,39.0515,21874,334,39.6172
2024-12-19T05:00:00Z,39.29,39.31,38.5,38.5,10516,173,38.8367
2024-12-20T05:00:00Z,38.39,39.35,38.39,39.03,14214,206,39.081
2024-12-23T05:00:00Z,38.96,39.06,38.62,39.0574,22573,471,38.8675
2024-12-24T05:00:00Z,39,39.58,39,39.58,12475,168,39.3181
2024-12-26T05:00:00Z,39.46,39.59,39.33,39.49,9254,177,39.4928
2024-12-27T05:00:00Z,39.24,39.24,38.73,38.95,8445,218,38.9743
2024-12-30T05:00:00Z,38.45,38.53,38.0616,38.31,15719,242,38.3843
2024-12-31T05:00:00Z,38.6267,38.6267,37.94,37.9942,8654,152,38.2671
2025-01-02T05:00:00Z,38.21,38.21,37.56,37.7599,9512,150,37.648
2025-01-03T05:00:00Z,37.94,38.75,37.94,38.75,9534,181,38.4546
2025-01-06T05:00:00Z,38.93,39.04,38.71,38.7866,6875,245,38.936
2025-01-07T05:00:00Z,38.86,38.86,38.16,38.2537,7155,220,38.3798
2025-01-08T05:00:00Z,38.24,38.33,37.946,38.32,19345,181,38.1123
2025-01-10T05:00:00Z,37.93,38.1,37.65,37.75,15380,230,37.7994
2025-01-13T05:00:00Z,37.51,38.1,37.39,38.1,10466,169,37.6219
2025-01-14T05:00:00Z,38.24,38.24,37.74,37.9268,14896,212,38.0079
2025-01-15T05:00:00Z,38.6,38.64,38.3218,38.6,18429,194,38.5445
2025-01-16T05:00:00Z,38.64,38.82,38.485,38.75,6483,113,38.6622
2025-01-17T05:00:00Z,39.19,39.5,39.1899,39.33,11224,222,39.3897
2025-01-21T05:00:00Z,39.56,39.84,39.48,39.79,10425,174,39.7232
2025-01-22T05:00:00Z,39.771,39.804,39.65,39.65,17582,165,39.7455
2025-01-23T05:00:00Z,39.26,39.59,39.26,39.59,16078,183,39.459
2025-01-24T05:00:00Z,39.58,39.67,39.4,39.4,14229,267,39.5971
2025-01-27T05:00:00Z,38.59,38.91,38.45,38.91,9701,272,38.6657
2025-01-28T05:00:00Z,38.6201,38.79,38.6201,38.7336,9865,207,38.706
2025-01-29T05:00:00Z,38.6106,38.6106,38.1599,38.29,9710,248,38.3683
2025-01-30T05:00:00Z,38.6828,38.93,38.63,38.8277,6569,124,38.7736
2025-01-31T05:00:00Z,38.92,39.2,38.54,38.63,15431,165,39.0036
2025-02-03T05:00:00Z,37.81,38.47,37.57,38.19,16586,169,38.2053
2025-02-04T05:00:00Z,38.22,38.4694,38.22,38.4526,15703,262,38.3826
2025-02-05T05:00:00Z,38.74,38.88,38.63,38.8443,17586,155,38.8175
2025-02-06T05:00:00Z,38.8407,38.9,38.67,38.876,6807,96,38.8183
2025-02-07T05:00:00Z,38.959,39.0167,38.46,38.47,11305,150,38.6833
2025-02-10T05:00:00Z,38.5528,38.73,38.5528,38.6846,12958,172,38.6975
2025-02-11T05:00:00Z,38.5,38.7547,38.5,38.6705,8574,95,38.6105
2025-02-12T05:00:00Z,38.42,38.715,38.3977,38.6799,10345,166,38.6195
2025-02-13T05:00:00Z,38.7499,39.0939,38.7499,39.0939,9761,164,38.949
2025-02-14T05:00:00Z,39.26,39.26,39.01,39.01,14818,170,39.0715
2025-02-18T05:00:00Z,39.1,39.14,38.92,38.9771,15243,192,38.9935
2025-02-19T05:00:00Z,39,39.16,39,39.0733,18987,224,39.072
2025-02-20T05:00:00Z,39.06,39.06,38.85,38.9855,7992,227,38.9132
2025-02-21T05:00:00Z,39.03,39.03,38.3345,38.3345,7563,121,38.6152
2025-02-24T05:00:00Z,38.42,38.47,38.1497,38.1497,2033,104,38.4085
2025-02-25T05:00:00Z,38.05,38.05,37.66,37.69,8120,123,37.7555
2025-02-26T05:00:00Z,37.82,37.82,37.3601,37.4296,4913,88,37.5781
2025-02-27T05:00:00Z,37.3728,37.69,36.9766,36.9766,4673,203,37.4683
2025-02-28T05:00:00Z,37,37.4,36.69,37.39,11635,127,37.1924
2025-03-03T05:00:00Z,37.78,37.78,36.78,36.8861,5029,92,36.9655
2025-03-04T05:00:00Z,36.77,37.24,36.24,36.599,14563,136,36.7989
2025-03-05T05:00:00Z,36.62,37.193,36.51,37.193,5219,170,36.8395
2025-03-06T05:00:00Z,36.72,37.065,36.535,36.729,4449,73,36.7897
2025-03-07T05:00:00Z,36.7,37.11,36.445,37.1007,122071,120,37.0636
2025-03-10T04:00:00Z,36.6,36.7159,35.7143,35.93,34697,145,36.3181
2025-03-11T04:00:00Z,35.93,36.08,35.47,35.711,30622,185,35.8892
2025-03-12T04:00:00Z,36.02,36.02,35.51,35.7821,18326,94,35.8236
2025-03-13T04:00:00Z,35.835,35.835,35.31,35.409,17400,102,35.5
2025-03-14T04:00:00Z,35.79,36.2699,35.79,36.2634,6754,86,36.0537
2025-03-17T04:00:00Z,36.08,36.53,36.08,36.37,15602,111,36.2258
2025-03-18T04:00:00Z,35.9478,35.987,35.88,35.935,10517,70,35.943
2025-03-19T04:00:00Z,36.14,36.56,36.14,36.4392,6952,77,36.359
2025-03-20T04:00:00Z,36.22,36.545,36.22,36.35,5235,65,36.3432
2025-03-21T04:00:00Z,36.17,36.4813,36.14,36.45,3048,71,36.3542
2025-03-24T04:00:00Z,36.91,37.3571,36.91,37.3428,2944,114,37.1423
2025-03-25T04:00:00Z,37.39,37.39,37.19,37.38,6127,90,37.2635
2025-03-26T04:00:00Z,37.33,37.4279,37.036,37.09,6370,84,37.1729
2025-03-27T04:00:00Z,37.0055,37.4192,36.99,37.04,10821,109,37.0736
2025-03-28T04:00:00Z,37.05,37.05,36.39,36.4068,2939,78,36.5765
2025-03-31T04:00:00Z,35.84,36.53,35.84,36.53,9147,113,36.199
2025-04-01T04:00:00Z,36.55,36.8001,36.41,36.6763,4038,81,36.6177
2025-04-02T04:00:00Z,36.29,37.1683,36.29,37.1683,4690,93,36.9657
2025-04-03T04:00:00Z,35.99,36.06,35.6741,35.6741,9975,142,35.9787
2025-04-04T04:00:00Z,34.79,34.79,33.54,33.57,40591,183,33.8616
2025-04-07T04:00:00Z,32.4,34.23,32.07,33.25,41062,191,33.5274
2025-04-08T04:00:00Z,34.25,34.65,32.19,32.62,10590,138,33.5258
2025-04-09T04:00:00Z,32.58,36.01,32.58,35.89,34836,143,34.448
2025-04-10T04:00:00Z,35.25,35.25,33.725,34.797,11742,111,34.6288
2025-04-11T04:00:00Z,34.7106,35.55,34.69,35.5,7831,93,35.2748
2025-04-14T04:00:00Z,36.12,36.2,35.63,35.98,9301,110,35.8944
2025-04-15T04:00:00Z,36.26,36.26,35.889,35.9723,6932,82,36.0798
2025-04-16T04:00:00Z,35.61,35.7438,34.87,35.2219,9287,117,35.3306
2025-04-17T04:00:00Z,35.48,35.7,35.185,35.4972,15996,110,35.4956
2025-04-21T04:00:00Z,35.19,35.19,34.24,34.641,6809,106,34.5045
2025-04-22T04:00:00Z,35.2387,35.722,35.2387,35.62,12464,112,35.503
2025-04-23T04:00:00Z,36.53,36.7881,36.16,36.26,19437,145,36.3783
2025-04-24T04:00:00Z,36.22,36.78,36.03,36.77,8432,89,36.5324
2025-04-25T04:00:00Z,37,37.37,36.91,37.37,6629,90,37.1506
2025-04-28T04:00:00Z,37.34,37.4462,37,37.4462,2447,75,37.2122
2025-04-29T04:00:00Z,37.47,37.81,37.32,37.79,10923,110,37.5607
2025-04-30T04:00:00Z,37.37,37.93,37.02,37.79,11778,117,37.4492
2025-05-01T04:00:00Z,38.031,38.15,37.81,37.81,3977,73,37.9631
2025-05-02T04:00:00Z,38.55,38.63,38.515,38.543,4797,85,38.5798
2025-05-05T04:00:00Z,38.31,38.52,38.13,38.3076,7994,132,38.3653
2025-05-06T04:00:00Z,37.81,38.0575,37.81,37.9775,8432,103,37.9043
2025-05-07T04:00:00Z,38.06,38.31,38.0143,38.31,6561,95,38.1029
2025-05-08T04:00:00Z,38.55,39.1174,38.47,38.8132,11074,119,38.9509
2025-05-09T04:00:00Z,39.033,39.033,38.8,38.9456,1535,92,38.9158
2025-05-12T04:00:00Z,39.93,39.93,39.46,39.6925,6058,103,39.6111
2025-05-13T04:00:00Z,40.18,40.47,40.18,40.39,7237,122,40.3893
2025-05-14T04:00:00Z,40.4,40.44,40.23,40.3833,6828,148,40.3314
2025-05-15T04:00:00Z,40.24,40.74,40.22,40.6755,9215,126,40.4685
2025-05-16T04:00:00Z,40.82,41.07,40.75,41.0691,10024,114,40.9186
2025-05-19T04:00:00Z,40.55,41.09,40.54,41.09,17057,198,40.9183
2025-05-20T04:00:00Z,41.09,41.091,40.96,41.0055,22717,85,41.0029
2025-05-21T04:00:00Z,40.89,40.97,40.22,40.2559,5017,125,40.5694
2025-05-22T04:00:00Z,40.25,40.3924,40.12,40.1303,8367,99,40.3079
2025-05-23T04:00:00Z,39.64,39.885,39.531,39.77,3510,83,39.6649
2025-05-27T04:00:00Z,40.28,40.45,40.28,40.4497,2160,70,40.377
2025-05-28T04:00:00Z,40.36,40.36,40.0869,40.0869,6474,85,40.2788
2025-05-29T04:00:00Z,40.32,40.38,40.155,40.2166,3636,63,40.2967
2025-05-30T04:00:00Z,40.2127,40.3064,39.91,40.3064,2362,49,40.2538
2025-06-02T04:00:00Z,40.21,40.54,40.21,40.54,8109,88,40.2905
2025-06-03T04:00:00Z,40.555,41.06,40.55,41.0155,4919,92,40.8192
2025-06-04T04:00:00Z,40.8289,41,40.78,40.8479,14372,65,40.9015
2025-06-05T04:00:00Z,40.8,40.83,39.85,39.96,8112,101,40.4211
2025-06-06T04:00:00Z,40.48,40.5,40.38,40.4501,13691,92,40.4567
2025-06-09T04:00:00Z,40.43,40.699,40.3235,40.699,3822,97,40.5445
2025-06-10T04:00:00Z,40.81,41.035,40.78,40.9801,8015,97,40.911
2025-06-11T04:00:00Z,41.1,41.2327,40.88,41.008,8378,123,41.0391
2025-06-12T04:00:00Z,40.84,41.0001,40.81,40.9387,6186,191,40.9081
2025-06-13T04:00:00Z,40.65,40.7705,40.45,40.49,4311,109,40.5783
2025-06-16T04:00:00Z,40.9321,40.9321,40.67,40.67,10672,104,40.7535
2025-06-17T04:00:00Z,40.55,40.56,40.27,40.2771,11563,78,40.5232
2025-06-18T04:00:00Z,40.5409,40.56,40.3698,40.3698,4252,68,40.5213
2025-06-20T04:00:00Z,40.87,40.87,40.28,40.4,13557,124,40.6305
2025-06-23T04:00:00Z,40.42,40.85,40.42,40.85,2387,79,40.6281
2025-06-24T04:00:00Z,41.1199,41.27,41.0735,41.27,5467,82,41.1898
2025-06-25T04:00:00Z,41.23,41.23,40.94,41.0513,10172,78,41.0173
2025-06-26T04:00:00Z,41.2624,41.2799,41.18,41.2455,3891,74,41.2087
2025-06-27T04:00:00Z,41.4803,41.505,41.15,41.2511,4348,72,41.2313
2025-06-30T04:00:00Z,41.42,41.6137,41.4,41.6137,10068,111,41.4965
2025-07-01T04:00:00Z,41.32,41.57,41.31,41.509,6728,70,41.4959
2025-07-02T04:00:00Z,41.655,42.06,41.6083,42.06,7858,94,41.9445
2025-07-03T04:00:00Z,42.17,42.34,42.17,42.2385,2503,82,42.2809
2025-07-07T04:00:00Z,41.83,41.92,41.77,41.8799,5408,110,41.826
2025-07-08T04:00:00Z,41.989,42.08,41.95,42.004,13434,137,42.0346
2025-07-09T04:00:00Z,42.17,42.3594,42.02,42.3577,12298,123,42.1461
2025-07-10T04:00:00Z,42.4969,42.7,42.4799,42.5974,18287,116,42.6663
2025-07-11T04:00:00Z,42.54,42.66,42.5144,42.5144,8918,172,42.5845
2025-07-14T04:00:00Z,42.68,42.856,42.6633,42.8377,7625,109,42.7646
2025-07-15T04:00:00Z,42.87,42.87,42.3619,42.3619,4481,103,42.6086
2025-07-16T04:00:00Z,42.37,42.57,42.34,42.57,5117,78,42.4127
2025-07-17T04:00:00Z,42.57,42.9399,42.57,42.91,10290,88,42.8082
2025-07-18T04:00:00Z,43.13,43.17,42.765,42.8534,2684,71,42.9673
2025-07-21T04:00:00Z,43.08,43.171,42.8774,42.8774,4887,86,43.0281
2025-07-22T04:00:00Z,42.9,43.13,42.8967,43.1,8164,92,42.9964
2025-07-23T04:00:00Z,43.02,43.16,42.9215,43.1391,10846,124,43.0758
2025-07-24T04:00:00Z,43.11,43.11,42.89,42.9042,3082,58,42.9495
2025-07-25T04:00:00Z,42.61,42.78,42.6001,42.728,7672,111,42.7186
2025-07-28T04:00:00Z,42.83,42.83,42.7335,42.7519,1187,67,42.7638
2025-07-29T04:00:00Z,42.7565,42.78,42.5206,42.5206,7052,76,42.7305
2025-07-30T04:00:00Z,42.7463,42.87,42.47,42.5507,7377,105,42.7248
2025-07-31T04:00:00Z,42.51,42.5595,42.05,42.05,8096,131,42.3538
2025-08-01T04:00:00Z,41.63,41.7801,41.53,41.6364,3933,102,41.5953
2025-08-04T04:00:00Z,42.105,42.3637,42.095,42.3637,3020,90,42.2024
2025-08-05T04:00:00Z,42.5,42.66,42.32,42.46,5600,78,42.4979
2025-08-06T04:00:00Z,42.71,42.81,42.71,42.79,6116,231,42.7809
2025-08-07T04:00:00Z,43.24,43.24,43.015,43.09,1846,79,43.1163
2025-08-08T04:00:00Z,43.43,43.46,43.26,43.3733,6195,96,43.3625
2025-08-11T04:00:00Z,43.61,43.64,43.4244,43.4244,8930,98,43.6082
2025-08-12T04:00:00Z,43.525,43.8872,43.525,43.8872,1748,56,43.7422
2025-08-13T04:00:00Z,44,44,43.7823,43.96,4738,89,43.8984
2025-08-14T04:00:00Z,43.77,43.78,43.54,43.78,3561,75,43.7279
2025-08-15T04:00:00Z,43.8,43.8,43.365,43.5395,5175,81,43.4962
2025-08-18T04:00:00Z,43.43,43.44,43.34,43.4167,14216,88,43.3842
2025-08-19T04:00:00Z,43.33,43.33,42.7707,42.8806,5065,100,43.093
2025-08-20T04:00:00Z,42.755,42.8971,42.33,42.8971,6341,92,42.4176
2025-08-21T04:00:00Z,42.79,42.79,42.55,42.6824,9286,92,42.649
2025-08-22T04:00:00Z,42.8088,43.6363,42.8088,43.4432,10295,105,43.4506
2025-08-25T04:00:00Z,43.29,43.31,43.1,43.1,9914,99,43.238
2025-08-26T04:00:00Z,43.0934,43.4392,43.0614,43.4392,6311,93,43.2681
2025-08-27T04:00:00Z,43.38,43.53,43.38,43.51,14462,137,43.4441
2025-08-28T04:00:00Z,43.328,43.4418,43.26,43.4418,4276,85,43.3292
2025-08-29T04:00:00Z,43.18,43.18,42.97,43.0674,3274,104,43.0602
2025-09-02T04:00:00Z,42.51,42.98,42.51,42.9504,3624,94,42.829
2025-09-03T04:00:00Z,42.96,42.96,42.57,42.7171,8450,113,42.7825
2025-09-04T04:00:00Z,42.75,42.894,42.71,42.87,7983,125,42.7915
2025-09-05T04:00:00Z,43.41,43.41,42.7077,43.0873,10485,91,43.3574
2025-09-08T04:00:00Z,43.22,43.22,43.11,43.2,10090,110,43.2009
2025-09-09T04:00:00Z,43.1,43.122,43,43.122,6259,65,43.0717
2025-09-10T04:00:00Z,43.43,43.6899,43.3404,43.48,14417,97,43.517
2025-09-11T04:00:00Z,43.6536,43.82,43.53,43.74,7426,102,43.7445
2025-09-12T04:00:00Z,43.81,44.05,43.81,44.0387,2609,120,43.9668
2025-09-15T04:00:00Z,44.16,44.16,43.851,43.89,5078,109,44.0071
2025-09-16T04:00:00Z,43.95,43.95,43.75,43.9459,9729,86,43.8883
2025-09-17T04:00:00Z,43.83,43.92,43.7572,43.8413,3698,87,43.8489
2025-09-18T04:00:00Z,44.3,44.399,43.9388,44.1894,11332,125,44.2564
2025-09-19T04:00:00Z,44.27,44.39,44.2074,44.39,5429,103,44.2958
2025-09-22T04:00:00Z,44.16,44.32,44.16,44.315,8028,115,44.2334
2025-09-23T04:00:00Z,44.42,44.65,44.181,44.2481,5089,101,44.5023
2025-09-24T04:00:00Z,44.3,44.4,44.0816,44.1592,13061,97,44.1638
2025-09-25T04:00:00Z,43.555,43.91,43.46,43.6597,13159,145,43.7583
2025-09-26T04:00:00Z,43.88,44.3,43.7188,44.2987,7876,110,44.051
2025-09-29T04:00:00Z,44.68,44.7581,44.58,44.7568,6377,108,44.6741
2025-09-30T04:00:00Z,44.68,44.9852,44.66,44.9852,6845,146,44.7394
2025-10-01T04:00:00Z,44.99,45.34,44.99,45.3169,2514,107,45.2233
2025-10-02T04:00:00Z,45.59,45.59,45.16,45.16,5618,119,45.3158
2025-10-03T04:00:00Z,45.3593,45.3593,45.1,45.1807,12652,148,45.2435
2025-10-06T04:00:00Z,45.45,45.49,45.395,45.485,6260,140,45.4282
2025-10-07T04:00:00Z,45.4429,45.4429,45.1634,45.1634,4185,110,45.2677
2025-10-08T04:00:00Z,45.31,45.3185,45.25,45.309,2558,81,45.2744
2025-10-09T04:00:00Z,45.32,45.48,44.88,44.98,5696,104,45.0144
2025-10-10T04:00:00Z,44.8,44.8,43.77,43.77,5738,107,44.2538
2025-10-13T04:00:00Z,44.54,44.772,44.4,44.73,3340,111,44.6408
2025-10-14T04:00:00Z,44.27,45.1302,44.27,44.9246,1181,66,44.6191
2025-10-15T04:00:00Z,45.19,45.49,44.88,45.0652,8798,111,45.2632
2025-10-16T04:00:00Z,45.35,45.35,44.49,44.49,7301,141,44.812
2025-10-17T04:00:00Z,44.36,44.6025,44.31,44.5843,5626,76,44.3817
2025-10-20T04:00:00Z,44.91,45.15,44.91,45.082,7956,120,45.1099
2025-10-21T04:00:00Z,44.9641,45.1348,44.7999,44.96,7374,152,44.956
2025-10-22T04:00:00Z,44.9,44.9,44.26,44.5,12951,123,44.5285
2025-10-23T04:00:00Z,44.46,44.908,44.46,44.8,5196,94,44.7488
2025-10-24T04:00:00Z,45.099,45.18,44.9151,44.9151,4798,107,45.0732
2025-10-27T04:00:00Z,45.2933,45.37,45.155,45.3685,9994,130,45.2994
2025-10-28T04:00:00Z,45.395,45.469,45.3663,45.425,3567,90,45.4182
2025-10-29T04:00:00Z,45.46,45.548,45.16,45.3,12651,143,45.454
2025-10-30T04:00:00Z,44.98,45.02,44.63,44.63,15858,167,44.8482
2025-10-31T04:00:00Z,44.6796,44.88,44.5,44.85,8505,98,44.8213
2025-11-03T05:00:00Z,44.9,44.9,44.53,44.8131,8891,106,44.6396
2025-11-04T05:00:00Z,44.34,44.4301,44,44.004,7014,165,44.1363
2025-11-05T05:00:00Z,44.12,44.5,44.12,44.31,14507,120,44.4083
2025-11-06T05:00:00Z,44.3,44.315,43.45,43.453,7808,143,43.6924
2025-11-07T05:00:00Z,43.32,43.5924,42.95,43.5924,13350,134,43.2307
2025-11-10T05:00:00Z,44.3,44.3,43.7648,44.1556,3432,114,44.0428
2025-11-11T05:00:00Z,44.05,44.198,43.895,44.0619,5717,164,44.0413
2025-11-12T05:00:00Z,44.066,44.09,43.905,44.0308,12311,98,43.9628
2025-11-13T05:00:00Z,43.61,43.73,43.045,43.045,16717,147,43.2603
2025-11-14T05:00:00Z,42.61,43.21,42.61,42.99,16945,144,42.9975
2025-11-17T05:00:00Z,42.98,43.04,42.3901,42.5674,18713,158,42.6317
2025-11-18T05:00:00Z,42.47,42.75,42.28,42.52,8332,84,42.4946
2025-11-19T05:00:00Z,42.6246,42.63,42.16,42.36,5632,90,42.3365
2025-11-20T05:00:00Z,43.11,43.11,41.6819,41.6819,3598,94,42.0273
2025-11-21T05:00:00Z,41.71,42.22,41.4295,41.8773,3203,122,41.9036
2025-11-24T05:00:00Z,42.2379,42.73,42.1799,42.61,4877,113,42.5517
2025-11-25T05:00:00Z,42.45,43.03,42.45,43.0068,10529,85,42.8534
2025-11-26T05:00:00Z,43.22,43.58,43.22,43.4703,8767,120,43.3866
2025-11-28T05:00:00Z,43.65,43.7,43.6129,43.7,766,46,43.6527
2025-12-01T05:00:00Z,43.35,43.57,43.35,43.355,3831,77,43.3716
2025-12-02T05:00:00Z,43.69,43.76,43.449,43.57,11761,158,43.5664
2025-12-03T05:00:00Z,43.7,43.99,43.69,43.99,7657,104,43.8138
2025-12-04T05:00:00Z,43.97,44.1099,43.97,44.0672,4552,97,44.0188
2025-12-05T05:00:00Z,44.12,44.24,44.04,44.04,7452,103,44.1627
2025-12-08T05:00:00Z,44.17,44.17,43.83,43.88,8471,127,43.9792
2025-12-09T05:00:00Z,43.9,44.17,43.9,43.91,9926,81,44.0795
2025-12-10T05:00:00Z,43.92,44.3601,43.91,44.2805,9979,109,44.005
2025-12-11T05:00:00Z,44.09,44.38,43.96,44.38,10747,123,44.2632
2025-12-12T05:00:00Z,44,44.0307,43.601,43.8301,7011,121,43.9073
2025-12-15T05:00:00Z,43.9865,43.9865,43.67,43.7,2407,111,43.7736
2025-12-16T05:00:00Z,43.71,43.843,43.56,43.76,4417,99,43.719
2025-12-17T05:00:00Z,43.64,43.79,43.21,43.21,10252,105,43.3785
2025-12-18T05:00:00Z,43.66,43.66,43.32,43.38,7506,88,43.4155
2025-12-19T05:00:00Z,43.7,43.87,43.6869,43.81,12875,161,43.7717
2025-12-22T05:00:00Z,44.1,44.23,44.09,44.17,2630,96,44.1326
2025-12-23T05:00:00Z,44.17,44.2448,44.05,44.2448,6019,90,44.1549
2025-12-24T05:00:00Z,44.08,44.24,44.06,44.24,11104,111,44.1295
2025-12-26T05:00:00Z,44.2,44.2,44.06,44.11,5027,162,44.1128
2025-12-29T05:00:00Z,43.89,43.94,43.7264,43.7264,6321,132,43.7907
2025-12-30T05:00:00Z,43.7,43.8252,43.6435,43.6435,5317,77,43.7476
2025-12-31T05:00:00Z,43.62,43.62,43.24,43.24,6181,87,43.4748
